# lo0 lores lofreq freq dec resbin ridx weight widx noise166 flux10 snr10 hours snravg relnoise noise50 noise50_ref2 psf_area psf_sym psf_mean noise50k speed speed_avg
SKA1REF2 0 0 1000 -30 10.0-60.0arcmin 5 natural 0 12 10.00 0.87 393.72 1.43 1.00 21 21  1.9e+06 0.04 770.0386 6.7e+02 0.51 3.6
SKA1W9-0A72B120 0 0 800 -50 1.0-2.0arcsec 2 natural 0 2.1 11.69 5.66 19.58 6.39 1.01 3.8 3.7  5.1 0.01 1.2788 1.2e+02 34 69
SKA1W9-12A72B120 0 0 1000 -50 0.4-1.0arcsec 0 natural 0 1.2 10.00 8.62 9.28 9.29 0.65 2.1 3.3  1.1 0.09 0.5997 67 51 1.1e+02
SKA1W9-0A72B120 0 0 1000 -10 0.4-2.0arcsec 1 natural 0 1.1 10.00 9.41 6.88 10.78 0.85 1.9 2.3  1.5 0.05 0.6920 61 61 1.6e+02
SKASUR 0 0 800 -30 3.0-4.0arcsec 4 natural 0 9.5 11.69 1.23 384.77 1.44 2.89 17 6  36 0.08 3.4008 5.5e+02 27 39
SKA1W9-12A72B120 0 0 800 -10 0.4-2.0arcsec 1 natural 0 0.99 11.69 11.83 5.66 11.88 0.78 1.8 2.3  2.1 0.05 0.8263 57 1.5e+02 1.9e+02
SKA1W9-12A72B120 0 0 800 -30 2.0-3.0arcsec 3 natural 0 2.6 11.69 4.49 39.50 4.50 0.93 4.7 5.1  17 0.07 2.3369 1.5e+02 22 29
SKA1W9-12A72B120 0 0 1000 -50 10.0-60.0arcmin 5 natural 0 12 10.00 0.83 429.39 1.36 1.05 22 21  1.9e+06 0.01 784.2284 6.9e+02 0.48 3.3
SKASUR 0 0 650 -50 3.0-4.0arcsec 4 natural 0 9.2 13.52 1.47 343.64 1.53 2.77 17 6  36 0.08 3.3683 5.3e+02 39 43
SKASUR 0 0 650 -30 1.0-2.0arcsec 2 natural 0 6.6 13.52 2.04 183.58 2.09 3.35 12 3.6  6.5 0.29 1.4600 3.8e+02 75 79
SKA1W9-0A72B120 0 0 650 -50 1.0-2.0arcsec 2 natural 0 1.6 13.52 8.36 19.58 6.39 0.79 2.9 3.7  4.6 0.01 1.2091 93 1.1e+02 69
SKASUR 0 0 800 -10 2.0-3.0arcsec 3 natural 0 7.4 11.69 1.58 280.61 1.69 2.70 13 5  18 0.19 2.3863 4.3e+02 45 52
SKA1REF2 0 0 800 -50 0.4-1.0arcsec 0 natural 0 1.8 11.69 6.53 19.62 6.39 1.00 3.3 3.3  1.1 0.10 0.5973 1e+02 46 54
SKA1W9-12A72B120 0 0 1000 -10 2.0-3.0arcsec 3 natural 0 2.6 10.00 3.80 38.87 4.54 0.94 4.8 5.1  17 0.06 2.3432 1.5e+02 9.9 30
SKASUR 0 0 800 -30 0.4-2.0arcsec 1 natural 0 5 11.69 2.32 116.40 2.62 3.99 9.2 2.3  5.4 0.29 1.3255 2.9e+02 97 1.3e+02
SKA1W9-0A72B120 0 0 650 -10 1.0-2.0arcsec 2 natural 0 1.6 13.52 8.48 18.66 6.55 0.78 2.9 3.7  4.6 0.03 1.2122 92 1.2e+02 71
SKASUR 0 0 650 -30 10.0-60.0arcmin 5 natural 0 46 13.52 0.30 12267.95 0.26 6.49 83 13  4e+06 0.42 1167.2907 2.6e+03 1.6 1.2
SKA1W9-0A72B120 0 0 650 -30 0.4-1.0arcsec 0 natural 0 1.4 13.52 9.34 10.22 8.85 0.79 2.6 3.4  1.9 0.16 0.7864 83 1.4e+02 1e+02
SKA1W9-0A72B120 0 0 1000 -30 0.4-2.0arcsec 1 natural 0 1.1 10.00 9.50 6.51 11.09 0.83 1.9 2.3  1.4 0.11 0.6761 61 62 1.7e+02
SKA1W9-12A72B120 0 0 1000 -50 0.4-2.0arcsec 1 natural 0 0.97 10.00 10.29 5.68 11.87 0.76 1.8 2.3  1.5 0.09 0.6927 56 73 1.9e+02
SKA1W9-0A72B120 0 0 1000 -50 0.4-1.0arcsec 0 natural 0 1.3 10.00 7.94 10.60 8.69 0.70 2.3 3.3  1.1 0.09 0.5974 73 43 96
SKASUR 0 0 800 -50 1.0-2.0arcsec 2 natural 0 6 11.69 1.96 180.86 2.10 2.93 11 3.7  5.8 0.26 1.3736 3.4e+02 69 80
SKA1W9-12A72B120 0 0 1000 -50 3.0-4.0arcsec 4 natural 0 3.7 10.00 2.71 61.03 3.62 1.09 6.7 6.2  35 0.02 3.3357 2.1e+02 5 20
SKA1W9-0A72B120 0 0 800 -30 1.0-2.0arcsec 2 natural 0 2.1 11.69 5.52 20.12 6.31 1.04 3.9 3.7  5.2 0.02 1.2882 1.2e+02 33 67
SKA1W9-0A72B120 0 0 650 -30 10.0-60.0arcmin 5 natural 0 7.4 13.52 1.83 431.45 1.36 1.05 13 13  2e+06 0.03 798.0936 4.3e+02 5.4 3.3
SKA1W9-0A72B120 0 0 800 -50 3.0-4.0arcsec 4 natural 0 3.5 11.69 3.34 75.42 3.26 1.05 6.4 6.1  35 0.09 3.3186 2e+02 12 16
SKA1W9-0A72B120 0 0 650 -10 10.0-60.0arcmin 5 natural 0 7.1 13.52 1.90 383.93 1.44 1.06 13 12  2e+06 0.03 802.1756 4.1e+02 5.9 3.6
SKA1W9-12A72B120 0 0 650 -10 1.0-2.0arcsec 2 natural 0 1.5 13.52 9.13 15.53 7.18 0.72 2.7 3.7  4.7 0.03 1.2239 85 1.4e+02 83
SKA1REF2 0 0 800 -30 10.0-60.0arcmin 5 natural 0 9.1 11.69 1.29 393.72 1.43 1.00 16 16  2e+06 0.03 790.5840 5.2e+02 1.8 3.6
SKA1W9-12A72B120 0 0 1000 -30 2.0-3.0arcsec 3 natural 0 2.8 10.00 3.62 39.50 4.50 1.00 5 5  17 0.05 2.3527 1.6e+02 9 29
SKASUR 0 0 800 -50 0.4-2.0arcsec 1 natural 0 5.1 11.69 2.28 115.74 2.63 4.05 9.4 2.3  5.5 0.26 1.3363 3e+02 93 1.3e+02
SKASUR 0 0 650 -10 10.0-60.0arcmin 5 natural 0 46 13.52 0.29 11769.90 0.26 6.81 84 12  3.5e+06 0.33 1072.1672 2.6e+03 1.6 1.2
SKASUR 0 0 650 -50 1.0-2.0arcsec 2 natural 0 6.6 13.52 2.05 180.86 2.10 3.22 12 3.7  6.9 0.26 1.4952 3.8e+02 76 80
SKASUR 0 0 1000 -50 0.4-2.0arcsec 1 natural 0 3.1 10.00 3.19 115.74 2.63 2.46 5.7 2.3  4.1 0.25 1.1604 1.8e+02 1.8e+02 1.3e+02
SKA1W9-0A72B120 0 0 1000 -10 1.0-2.0arcsec 2 natural 0 2.2 10.00 4.63 18.66 6.55 1.05 3.9 3.8  5.4 0.03 1.3065 1.2e+02 15 71
SKA1W9-0A72B120 0 0 1000 -10 3.0-4.0arcsec 4 natural 0 4.2 10.00 2.39 74.16 3.28 1.28 7.6 6  35 0.04 3.3265 2.4e+02 3.9 16
SKA1W9-12A72B120 0 0 800 -50 10.0-60.0arcmin 5 natural 0 9.2 11.69 1.27 429.39 1.36 1.04 17 16  2e+06 0.05 795.7997 5.3e+02 1.7 3.3
SKA1W9-0A72B120 0 0 650 -50 0.4-2.0arcsec 1 natural 0 1.1 13.52 12.26 6.59 11.02 0.82 2 2.4  2.8 0.10 0.9437 64 2.4e+02 1.6e+02
SKA1REF2 0 0 650 -10 2.0-3.0arcsec 3 natural 0 2.7 13.52 4.94 43.21 4.30 1.00 5 5  17 0.04 2.3349 1.6e+02 40 26
SKA1W9-12A72B120 0 0 650 -30 3.0-4.0arcsec 4 natural 0 3.2 13.52 4.22 64.54 3.52 0.97 5.8 6  35 0.06 3.3501 1.8e+02 29 19
SKA1REF2 0 0 800 -10 0.4-2.0arcsec 1 natural 0 1.3 11.69 9.25 9.35 9.25 1.00 2.3 2.3  2 0.06 0.7896 73 92 1.2e+02
SKA1REF2 0 0 800 -10 10.0-60.0arcmin 5 natural 0 8.4 11.69 1.38 353.52 1.50 1.00 15 15  2e+06 0.03 792.3162 4.9e+02 2.1 4
SKA1W9-12A72B120 0 0 1000 -10 3.0-4.0arcsec 4 natural 0 3.7 10.00 2.72 60.69 3.63 1.12 6.7 6  35 0.03 3.3223 2.1e+02 5.1 20
SKA1W9-12A72B120 0 0 800 -10 1.0-2.0arcsec 2 natural 0 1.8 11.69 6.62 15.53 7.18 0.86 3.2 3.8  5.1 0.05 1.2789 1e+02 47 83
SKASUR 0 0 800 -10 0.4-1.0arcsec 0 natural 0 11 11.69 1.02 540.29 1.22 6.37 21 3.3  2.6 0.30 0.9310 6.6e+02 19 34
SKA1REF2 0 0 650 -50 2.0-3.0arcsec 3 natural 0 2.7 13.52 5.05 43.33 4.30 1.00 4.9 4.9  17 0.06 2.3407 1.5e+02 41 27
SKA1W9-12A72B120 0 0 650 -30 10.0-60.0arcmin 5 natural 0 7.6 13.52 1.77 452.90 1.33 1.08 14 13  2e+06 0.02 800.2765 4.4e+02 5.1 3.1
SKA1REF2 0 0 800 -10 0.4-1.0arcsec 0 natural 0 1.8 11.69 6.51 20.04 6.32 1.00 3.3 3.3  1.1 0.06 0.5991 1e+02 45 52
SKA1W9-12A72B120 0 0 1000 -50 2.0-3.0arcsec 3 natural 0 2.7 10.00 3.73 38.08 4.58 0.95 4.9 5.1  17 0.03 2.3470 1.5e+02 9.6 30
SKA1W9-12A72B120 0 0 650 -10 10.0-60.0arcmin 5 natural 0 7.1 13.52 1.89 399.98 1.41 1.06 13 12  2e+06 0.02 804.3002 4.1e+02 5.8 3.5
SKA1W9-12A72B120 0 0 800 -30 1.0-2.0arcsec 2 natural 0 1.8 11.69 6.42 16.44 6.98 0.89 3.3 3.7  5.2 0.00 1.2901 1e+02 44 79
SKA1W9-0A72B120 0 0 1000 -50 10.0-60.0arcmin 5 natural 0 12 10.00 0.82 427.79 1.37 1.06 22 21  1.9e+06 0.01 780.1457 7e+02 0.46 3.3
SKA1REF2 0 0 650 -30 1.0-2.0arcsec 2 natural 0 2 13.52 6.85 23.28 5.86 1.00 3.6 3.6  5.6 0.07 1.3381 1.1e+02 76 49
SKA1REF2 0 0 1000 -50 0.4-2.0arcsec 1 natural 0 1.3 10.00 7.84 9.66 9.10 1.00 2.3 2.3  1.9 0.06 0.7694 74 42 1.1e+02
SKA1REF2 0 0 800 -30 0.4-2.0arcsec 1 natural 0 1.3 11.69 9.24 9.65 9.11 1.00 2.3 2.3  1.9 0.09 0.7851 73 91 1.1e+02
SKA1W9-12A72B120 0 0 800 -50 3.0-4.0arcsec 4 natural 0 3.3 11.69 3.54 61.03 3.62 0.99 6 6.1  34 0.06 3.3146 1.9e+02 13 20
SKA1W9-0A72B120 0 0 800 -10 2.0-3.0arcsec 3 natural 0 3 11.69 3.93 49.60 4.02 1.09 5.4 5  17 0.01 2.3564 1.7e+02 17 23
SKA1W9-12A72B120 0 0 1000 -30 3.0-4.0arcsec 4 natural 0 3.8 10.00 2.65 64.54 3.52 1.12 6.9 6.1  35 0.02 3.3330 2.2e+02 4.8 19
SKASUR 0 0 1000 -50 3.0-4.0arcsec 4 natural 0 5.7 10.00 1.76 343.64 1.53 1.68 10 6.2  36 0.04 3.3719 3.3e+02 56 43
SKASUR 0 0 1000 -10 0.4-2.0arcsec 1 natural 0 3.1 10.00 3.20 81.93 3.12 2.51 5.7 2.3  4.1 0.25 1.1515 1.8e+02 1.8e+02 1.9e+02
SKASUR 0 0 650 -10 0.4-1.0arcsec 0 natural 0 26 13.52 0.52 540.29 1.22 12.96 47 3.7  2.5 0.30 0.9123 1.5e+03 4.9 34
SKASUR 0 0 1000 -30 0.4-2.0arcsec 1 natural 0 3.3 10.00 3.07 116.40 2.62 2.58 5.9 2.3  4.1 0.28 1.1516 1.9e+02 1.7e+02 1.3e+02
SKASUR 0 0 1000 -50 0.4-1.0arcsec 0 natural 0 6.4 10.00 1.57 665.95 1.10 3.55 12 3.3  2.1 0.25 0.8348 3.7e+02 45 28
SKASUR 0 0 1000 -10 1.0-2.0arcsec 2 natural 0 4.5 10.00 2.25 184.69 2.08 2.16 8.1 3.8  5.6 0.18 1.3455 2.6e+02 91 79
SKA1W9-12A72B120 0 0 800 -10 10.0-60.0arcmin 5 natural 0 9.1 11.69 1.29 399.98 1.41 1.07 17 15  2e+06 0.02 800.5580 5.2e+02 1.8 3.5
SKA1REF2 0 0 650 -50 0.4-2.0arcsec 1 natural 0 1.3 13.52 10.10 9.66 9.10 1.00 2.4 2.4  2.4 0.10 0.8666 77 1.7e+02 1.1e+02
SKA1W9-0A72B120 0 0 1000 -30 2.0-3.0arcsec 3 natural 0 3 10.00 3.38 51.16 3.95 1.07 5.4 5  17 0.08 2.3385 1.7e+02 7.8 22
SKASUR 0 0 650 -30 0.4-2.0arcsec 1 natural 0 5.6 13.52 2.42 116.40 2.62 4.16 10 2.5  6.8 0.29 1.4971 3.2e+02 1.1e+02 1.3e+02
SKA1W9-12A72B120 0 0 650 -50 3.0-4.0arcsec 4 natural 0 3.1 13.52 4.41 61.03 3.62 0.93 5.6 6  35 0.02 3.3382 1.8e+02 32 20
SKA1REF2 0 0 650 -10 0.4-1.0arcsec 0 natural 0 2 13.52 6.75 20.04 6.32 1.00 3.7 3.7  1.3 0.05 0.6531 1.2e+02 74 52
SKA1W9-12A72B120 0 0 1000 -10 1.0-2.0arcsec 2 natural 0 1.9 10.00 5.23 15.53 7.18 0.93 3.5 3.8  5.5 0.03 1.3194 1.1e+02 19 83
SKA1W9-0A72B120 0 0 650 -10 0.4-2.0arcsec 1 natural 0 1.1 13.52 12.11 6.88 10.78 0.85 2 2.4  2.9 0.05 0.9585 64 2.4e+02 1.6e+02
SKA1W9-12A72B120 0 0 1000 -30 1.0-2.0arcsec 2 natural 0 1.9 10.00 5.13 16.44 6.98 0.94 3.6 3.8  5.6 0.06 1.3310 1.1e+02 18 79
SKA1W9-12A72B120 0 0 1000 -30 0.4-1.0arcsec 0 natural 0 1.2 10.00 8.60 9.53 9.16 0.65 2.1 3.2  1.1 0.11 0.5942 67 51 1e+02
SKA1W9-12A72B120 0 0 650 -50 2.0-3.0arcsec 3 natural 0 2.5 13.52 5.37 38.08 4.58 0.94 4.6 4.9  17 0.05 2.3504 1.5e+02 47 30
SKA1W9-0A72B120 0 0 650 -30 0.4-2.0arcsec 1 natural 0 1.1 13.52 12.60 6.51 11.09 0.80 2 2.5  2.7 0.12 0.9352 62 2.6e+02 1.7e+02
SKA1REF2 0 0 1000 -30 0.4-1.0arcsec 0 natural 0 1.8 10.00 5.63 18.54 6.57 1.00 3.2 3.2  1.1 0.07 0.5900 1e+02 22 59
SKASUR 0 0 650 -10 2.0-3.0arcsec 3 natural 0 7.7 13.52 1.75 280.61 1.69 2.82 14 5  17 0.17 2.3644 4.5e+02 55 52
SKASUR 0 0 1000 -30 3.0-4.0arcsec 4 natural 0 5.9 10.00 1.69 384.77 1.44 1.76 11 6.1  36 0.09 3.3764 3.4e+02 51 39
SKA1W9-0A72B120 0 0 650 -10 0.4-1.0arcsec 0 natural 0 1.5 13.52 8.76 11.18 8.46 0.77 2.8 3.7  1.9 0.05 0.7844 89 1.2e+02 89
SKA1REF2 0 0 1000 -10 0.4-2.0arcsec 1 natural 0 1.2 10.00 8.02 9.35 9.25 1.00 2.3 2.3  1.9 0.05 0.7701 72 44 1.2e+02
SKA1REF2 0 0 650 -10 3.0-4.0arcsec 4 natural 0 3.2 13.52 4.19 60.58 3.63 1.00 5.9 5.9  35 0.07 3.3538 1.9e+02 29 19
SKA1W9-12A72B120 0 0 800 -30 0.4-2.0arcsec 1 natural 0 0.98 11.69 11.87 5.52 12.04 0.78 1.8 2.3  2 0.11 0.8068 57 1.5e+02 2e+02
SKA1REF2 0 0 1000 -10 3.0-4.0arcsec 4 natural 0 3.3 10.00 3.05 60.58 3.63 1.00 6 6  35 0.01 3.3235 1.9e+02 6.4 19
SKA1REF2 0 0 650 -10 10.0-60.0arcmin 5 natural 0 6.7 13.52 2.01 353.52 1.50 1.00 12 12  2e+06 0.00 803.0837 3.9e+02 6.5 4
SKA1W9-12A72B120 0 0 800 -30 0.4-1.0arcsec 0 natural 0 1.3 11.69 9.33 9.53 9.16 0.71 2.3 3.2  1.5 0.13 0.6943 72 93 1e+02
SKA1REF2 0 0 1000 -30 3.0-4.0arcsec 4 natural 0 3.4 10.00 2.97 62.70 3.57 1.00 6.1 6.1  35 0.05 3.3324 1.9e+02 6.1 18
SKASUR 0 0 1000 -30 10.0-60.0arcmin 5 natural 0 42 10.00 0.24 12267.95 0.26 3.62 76 21  2.7e+06 0.25 933.7548 2.4e+03 1 1.2
SKASUR 0 0 1000 -30 2.0-3.0arcsec 3 natural 0 5.9 10.00 1.69 291.85 1.66 2.14 11 5  17 0.01 2.3584 3.4e+02 51 50
SKASUR 0 0 1000 -10 10.0-60.0arcmin 5 natural 0 43 10.00 0.23 11769.90 0.26 3.91 78 20  2.8e+06 0.25 948.5896 2.5e+03 0.99 1.2
SKA1W9-12A72B120 0 0 800 -50 1.0-2.0arcsec 2 natural 0 1.8 11.69 6.32 16.18 7.03 0.91 3.4 3.7  5.2 0.00 1.2817 1.1e+02 43 81
SKASUR 0 0 650 -50 0.4-2.0arcsec 1 natural 0 5.8 13.52 2.32 115.74 2.63 4.35 11 2.4  7.1 0.27 1.5265 3.4e+02 97 1.3e+02
SKA1W9-0A72B120 0 0 800 -30 10.0-60.0arcmin 5 natural 0 9.5 11.69 1.23 431.45 1.36 1.05 17 16  2e+06 0.03 795.5474 5.5e+02 1.6 3.3
SKA1W9-0A72B120 0 0 1000 -50 3.0-4.0arcsec 4 natural 0 4.1 10.00 2.41 75.42 3.26 1.23 7.6 6.2  35 0.05 3.3508 2.4e+02 4 16
SKA1W9-12A72B120 0 0 650 -30 0.4-1.0arcsec 0 natural 0 1.4 13.52 9.52 9.53 9.16 0.77 2.6 3.4  1.9 0.16 0.7823 82 1.5e+02 1e+02
SKA1W9-0A72B120 0 0 800 -50 2.0-3.0arcsec 3 natural 0 3 11.69 3.90 51.64 3.94 1.07 5.5 5.1  17 0.03 2.3501 1.7e+02 16 21
SKASUR 0 0 650 -30 2.0-3.0arcsec 3 natural 0 7.6 13.52 1.79 291.85 1.66 2.83 14 4.9  17 0.24 2.3604 4.4e+02 58 50
SKA1W9-12A72B120 0 0 1000 -50 1.0-2.0arcsec 2 natural 0 1.9 10.00 5.16 16.18 7.03 0.93 3.5 3.8  5.6 0.06 1.3358 1.1e+02 18 81
SKA1W9-0A72B120 0 0 1000 -30 1.0-2.0arcsec 2 natural 0 2.2 10.00 4.59 20.12 6.31 1.06 4 3.8  5.4 0.07 1.3117 1.3e+02 14 67
SKA1W9-12A72B120 0 0 650 -50 0.4-2.0arcsec 1 natural 0 1 13.52 13.40 5.68 11.87 0.75 1.8 2.4  2.8 0.10 0.9503 58 2.9e+02 1.9e+02
SKA1REF2 0 0 800 -50 3.0-4.0arcsec 4 natural 0 3.3 11.69 3.52 63.52 3.55 1.00 6.1 6.1  35 0.08 3.3441 1.9e+02 13 18
SKA1W9-0A72B120 0 0 800 -30 0.4-2.0arcsec 1 natural 0 1.1 11.69 10.93 6.51 11.09 0.84 1.9 2.3  2 0.11 0.7977 62 1.3e+02 1.7e+02
SKASUR 0 0 1000 -50 1.0-2.0arcsec 2 natural 0 4.4 10.00 2.28 180.86 2.10 2.10 8 3.8  5.5 0.23 1.3339 2.5e+02 94 80
SKASUR 0 0 800 -30 10.0-60.0arcmin 5 natural 0 52 11.69 0.23 12267.95 0.26 5.71 94 16  3.1e+06 0.33 1019.1460 3e+03 0.92 1.2
SKA1REF2 0 0 650 -10 0.4-2.0arcsec 1 natural 0 1.3 13.52 10.34 9.35 9.25 1.00 2.4 2.4  2.4 0.05 0.8747 75 1.7e+02 1.2e+02
SKASUR 0 0 650 -50 0.4-1.0arcsec 0 natural 0 29 13.52 0.46 665.95 1.10 15.05 53 3.5  2.6 0.30 0.9181 1.7e+03 3.9 28
SKA1W9-12A72B120 0 0 650 -50 10.0-60.0arcmin 5 natural 0 7.4 13.52 1.82 429.39 1.36 1.06 14 13  2e+06 0.01 801.5350 4.3e+02 5.4 3.3
SKA1W9-12A72B120 0 0 1000 -30 10.0-60.0arcmin 5 natural 0 12 10.00 0.81 452.90 1.33 1.06 22 21  1.9e+06 0.02 779.6576 7.1e+02 0.46 3.1
SKA1W9-12A72B120 0 0 650 -10 0.4-1.0arcsec 0 natural 0 1.5 13.52 9.08 10.22 8.85 0.74 2.7 3.7  1.9 0.05 0.7805 86 1.3e+02 97
SKA1W9-12A72B120 0 0 650 -10 2.0-3.0arcsec 3 natural 0 2.5 13.52 5.31 38.87 4.54 0.93 4.6 5  17 0.05 2.3482 1.5e+02 46 30
SKASUR 0 0 650 -10 3.0-4.0arcsec 4 natural 0 9.1 13.52 1.48 378.30 1.45 2.83 17 5.9  35 0.10 3.3420 5.3e+02 40 39
SKASUR 0 0 800 -50 3.0-4.0arcsec 4 natural 0 9 11.69 1.31 343.64 1.53 2.69 16 6.1  36 0.05 3.3658 5.2e+02 31 43
SKA1REF2 0 0 1000 -10 2.0-3.0arcsec 3 natural 0 2.8 10.00 3.59 43.21 4.30 1.00 5.1 5.1  17 0.05 2.3458 1.6e+02 8.8 26
SKA1W9-0A72B120 0 0 1000 -30 0.4-1.0arcsec 0 natural 0 1.2 10.00 8.02 10.22 8.85 0.70 2.3 3.2  1.1 0.12 0.5919 72 44 1e+02
SKA1REF2 0 0 800 -30 0.4-1.0arcsec 0 natural 0 1.8 11.69 6.62 18.54 6.57 1.00 3.2 3.2  1.1 0.09 0.5982 1e+02 47 59
SKA1W9-0A72B120 0 0 1000 -10 0.4-1.0arcsec 0 natural 0 1.3 10.00 7.97 11.18 8.46 0.71 2.3 3.2  1.1 0.05 0.6039 72 44 89
SKA1REF2 0 0 1000 -50 10.0-60.0arcmin 5 natural 0 11 10.00 0.87 388.23 1.44 1.00 21 21  1.9e+06 0.02 776.9439 6.6e+02 0.52 3.6
SKA1W9-0A72B120 0 0 800 -30 3.0-4.0arcsec 4 natural 0 3.7 11.69 3.20 77.69 3.21 1.11 6.7 6  34 0.07 3.3034 2.1e+02 11 16
SKA1W9-0A72B120 0 0 1000 -50 0.4-2.0arcsec 1 natural 0 1 10.00 9.62 6.59 11.02 0.81 1.9 2.3  1.5 0.09 0.6817 60 63 1.6e+02
SKA1W9-0A72B120 0 0 650 -50 3.0-4.0arcsec 4 natural 0 3.5 13.52 3.85 75.42 3.26 1.06 6.4 6  35 0.05 3.3509 2e+02 24 16
SKASUR 0 0 800 -30 1.0-2.0arcsec 2 natural 0 6 11.69 1.96 183.58 2.09 2.93 11 3.7  5.9 0.22 1.3846 3.4e+02 69 79
SKA1W9-12A72B120 0 0 1000 -10 0.4-2.0arcsec 1 natural 0 0.96 10.00 10.45 5.66 11.88 0.77 1.7 2.3  1.6 0.05 0.7027 55 75 1.9e+02
SKA1W9-0A72B120 0 0 650 -30 1.0-2.0arcsec 2 natural 0 1.6 13.52 8.23 20.12 6.31 0.83 3 3.6  4.6 0.00 1.2108 95 1.1e+02 67
SKA1W9-12A72B120 0 0 650 -10 3.0-4.0arcsec 4 natural 0 3 13.52 4.47 60.69 3.63 0.94 5.5 5.9  35 0.06 3.3451 1.7e+02 32 20
SKA1W9-12A72B120 0 0 1000 -10 10.0-60.0arcmin 5 natural 0 11 10.00 0.87 399.98 1.41 1.05 21 20  2e+06 0.01 788.0923 6.6e+02 0.52 3.5
SKA1REF2 0 0 800 -10 3.0-4.0arcsec 4 natural 0 3.3 11.69 3.57 60.58 3.63 1.00 6 6  35 0.06 3.3418 1.9e+02 14 19
SKA1W9-0A72B120 0 0 800 -30 0.4-1.0arcsec 0 natural 0 1.3 11.69 9.12 10.22 8.85 0.73 2.3 3.2  1.5 0.13 0.6954 74 89 1e+02
SKASUR 0 0 650 -10 0.4-2.0arcsec 1 natural 0 3.6 13.52 3.71 81.93 3.12 2.79 6.6 2.4  42 0.30 3.7286 2.1e+02 2.5e+02 1.9e+02
SKA1W9-0A72B120 0 0 650 -10 2.0-3.0arcsec 3 natural 0 2.9 13.52 4.65 49.60 4.02 1.06 5.3 5  17 0.07 2.3467 1.7e+02 35 23
SKASUR 0 0 650 -30 0.4-1.0arcsec 0 natural 0 24 13.52 0.56 533.77 1.22 13.09 44 3.4  2.7 0.38 0.9509 1.4e+03 5.7 34
SKA1W9-0A72B120 0 0 650 -30 2.0-3.0arcsec 3 natural 0 3 13.52 4.50 51.16 3.95 1.13 5.5 4.9  17 0.04 2.3510 1.7e+02 33 22
SKA1W9-12A72B120 0 0 650 -30 2.0-3.0arcsec 3 natural 0 2.6 13.52 5.24 39.50 4.50 0.97 4.7 4.9  18 0.05 2.3683 1.5e+02 45 29
SKA1REF2 0 0 800 -50 2.0-3.0arcsec 3 natural 0 2.8 11.69 4.16 43.33 4.30 1.00 5.1 5.1  17 0.07 2.3578 1.6e+02 19 27
SKASUR 0 0 1000 -50 2.0-3.0arcsec 3 natural 0 5.7 10.00 1.75 293.84 1.65 2.03 10 5.1  18 0.10 2.3773 3.3e+02 55 49
SKA1W9-12A72B120 0 0 800 -30 10.0-60.0arcmin 5 natural 0 9.5 11.69 1.23 452.90 1.33 1.05 17 16  2e+06 0.02 799.6040 5.5e+02 1.6 3.1
SKA1W9-12A72B120 0 0 650 -50 0.4-1.0arcsec 0 natural 0 1.4 13.52 9.74 9.28 9.29 0.72 2.5 3.5  1.9 0.14 0.7856 80 1.5e+02 1.1e+02
SKA1W9-0A72B120 0 0 650 -50 10.0-60.0arcmin 5 natural 0 7.4 13.52 1.82 427.79 1.37 1.06 14 13  2e+06 0.03 799.6301 4.3e+02 5.4 3.3
SKA1REF2 0 0 650 -10 1.0-2.0arcsec 2 natural 0 2.1 13.52 6.59 24.24 5.75 1.00 3.7 3.7  5.6 0.02 1.3304 1.2e+02 70 46
SKA1W9-12A72B120 0 0 1000 -30 0.4-2.0arcsec 1 natural 0 0.96 10.00 10.47 5.52 12.04 0.76 1.7 2.3  1.5 0.11 0.6873 55 75 2e+02
SKA1REF2 0 0 1000 -30 2.0-3.0arcsec 3 natural 0 2.8 10.00 3.61 42.61 4.33 1.00 5 5  18 0.07 2.3650 1.6e+02 8.9 27
SKA1W9-12A72B120 0 0 800 -10 0.4-1.0arcsec 0 natural 0 1.3 11.69 9.07 10.22 8.85 0.72 2.3 3.3  1.6 0.06 0.7033 74 88 97
SKA1REF2 0 0 800 -50 10.0-60.0arcmin 5 natural 0 8.9 11.69 1.31 388.23 1.44 1.00 16 16  2e+06 0.03 789.5732 5.1e+02 1.8 3.6
SKASUR 0 0 650 -10 1.0-2.0arcsec 2 natural 0 6.5 13.52 2.08 184.69 2.08 3.17 12 3.7  6.6 0.27 1.4621 3.8e+02 78 79
SKASUR 0 0 800 -50 0.4-1.0arcsec 0 natural 0 12 11.69 0.96 665.95 1.10 6.82 22 3.3  2.6 0.24 0.9227 7e+02 16 28
SKA1W9-12A72B120 0 0 800 -10 2.0-3.0arcsec 3 natural 0 2.7 11.69 4.37 38.87 4.54 0.98 4.9 5  17 0.01 2.3480 1.5e+02 20 30
SKA1REF2 0 0 650 -50 10.0-60.0arcmin 5 natural 0 7 13.52 1.92 388.23 1.44 1.00 13 13  2e+06 0.02 799.8338 4e+02 6 3.6
SKA1REF2 0 0 800 -10 2.0-3.0arcsec 3 natural 0 2.7 11.69 4.27 43.21 4.30 1.00 5 5  17 0.02 2.3504 1.6e+02 20 26
SKASUR 0 0 1000 -10 2.0-3.0arcsec 3 natural 0 5.8 10.00 1.73 280.61 1.69 2.08 11 5.1  17 0.06 2.3467 3.3e+02 54 52
SKASUR 0 0 800 -10 0.4-2.0arcsec 1 natural 0 5.1 11.69 2.31 81.93 3.12 4.00 9.2 2.3  5.3 0.25 1.3112 2.9e+02 96 1.9e+02
SKA1W9-12A72B120 0 0 1000 -10 0.4-1.0arcsec 0 natural 0 1.2 10.00 8.37 10.22 8.85 0.67 2.2 3.2  1.2 0.05 0.6060 69 48 97
SKA1REF2 0 0 1000 -10 10.0-60.0arcmin 5 natural 0 11 10.00 0.92 353.52 1.50 1.00 20 20  1.9e+06 0.02 777.0623 6.3e+02 0.58 4
SKA1REF2 0 0 1000 -50 1.0-2.0arcsec 2 natural 0 2.1 10.00 4.79 24.09 5.76 1.00 3.8 3.8  5.6 0.07 1.3392 1.2e+02 16 47
SKA1W9-0A72B120 0 0 1000 -30 10.0-60.0arcmin 5 natural 0 12 10.00 0.84 431.45 1.36 1.03 22 21  1.9e+06 0.00 778.5533 6.8e+02 0.49 3.3
SKA1W9-0A72B120 0 0 1000 -10 2.0-3.0arcsec 3 natural 0 3 10.00 3.37 49.60 4.02 1.06 5.4 5.1  17 0.04 2.3337 1.7e+02 7.8 23
SKA1W9-0A72B120 0 0 650 -50 2.0-3.0arcsec 3 natural 0 3 13.52 4.47 51.64 3.94 1.13 5.5 4.9  17 0.04 2.3412 1.7e+02 32 21
SKA1REF2 0 0 650 -30 3.0-4.0arcsec 4 natural 0 3.3 13.52 4.11 62.70 3.57 1.00 6 6  36 0.06 3.3694 1.9e+02 27 18
SKA1REF2 0 0 800 -50 0.4-2.0arcsec 1 natural 0 1.3 11.69 9.22 9.66 9.10 1.00 2.3 2.3  1.9 0.10 0.7867 73 91 1.1e+02
SKA1REF2 0 0 650 -30 10.0-60.0arcmin 5 natural 0 7 13.52 1.92 393.72 1.43 1.00 13 13  2e+06 0.02 797.2881 4.1e+02 6 3.6
SKASUR 0 0 800 -10 3.0-4.0arcsec 4 natural 0 9.4 11.69 1.24 378.30 1.45 2.88 17 6  36 0.02 3.3622 5.4e+02 28 39
SKA1REF2 0 0 800 -10 1.0-2.0arcsec 2 natural 0 2.1 11.69 5.67 24.24 5.75 1.00 3.8 3.8  5.6 0.06 1.3298 1.2e+02 34 46
SKA1W9-0A72B120 0 0 800 -50 0.4-1.0arcsec 0 natural 0 1.3 11.69 8.87 10.60 8.69 0.74 2.4 3.3  1.5 0.10 0.7010 76 84 96
SKA1REF2 0 0 800 -30 1.0-2.0arcsec 2 natural 0 2 11.69 5.73 23.28 5.86 1.00 3.7 3.7  5.5 0.08 1.3297 1.2e+02 35 49
SKA1W9-0A72B120 0 0 650 -10 3.0-4.0arcsec 4 natural 0 3.4 13.52 3.96 74.16 3.28 1.06 6.2 5.9  35 0.04 3.3469 2e+02 25 16
SKA1W9-12A72B120 0 0 650 -30 1.0-2.0arcsec 2 natural 0 1.5 13.52 8.86 16.44 6.98 0.77 2.8 3.6  4.7 0.01 1.2238 88 1.3e+02 79
SKA1W9-0A72B120 0 0 650 -30 3.0-4.0arcsec 4 natural 0 3.5 13.52 3.88 77.69 3.21 1.06 6.4 6  35 0.08 3.3389 2e+02 24 16
SKASUR 0 0 1000 -30 0.4-1.0arcsec 0 natural 0 5.7 10.00 1.75 533.77 1.22 3.22 10 3.2  2.1 0.34 0.8443 3.3e+02 55 34
SKASUR 0 0 1000 -10 3.0-4.0arcsec 4 natural 0 6.2 10.00 1.62 378.30 1.45 1.89 11 6  36 0.10 3.3841 3.6e+02 47 39
SKA1REF2 0 0 800 -30 2.0-3.0arcsec 3 natural 0 2.8 11.69 4.19 42.61 4.33 1.00 5.1 5.1  17 0.06 2.3511 1.6e+02 19 27
SKA1W9-0A72B120 0 0 1000 -10 10.0-60.0arcmin 5 natural 0 11 10.00 0.87 383.93 1.44 1.05 21 20  1.9e+06 0.02 787.4903 6.6e+02 0.52 3.6
SKA1W9-0A72B120 0 0 1000 -50 2.0-3.0arcsec 3 natural 0 3 10.00 3.36 51.64 3.94 1.06 5.4 5.1  17 0.05 2.3382 1.7e+02 7.7 21
SKA1W9-0A72B120 0 0 800 -10 0.4-2.0arcsec 1 natural 0 1.1 11.69 10.66 6.88 10.78 0.87 2 2.3  2.1 0.05 0.8176 63 1.2e+02 1.6e+02
SKA1REF2 0 0 650 -30 2.0-3.0arcsec 3 natural 0 2.7 13.52 5.07 42.61 4.33 1.00 4.9 4.9  17 0.08 2.3465 1.5e+02 42 27
SKA1REF2 0 0 1000 -30 0.4-2.0arcsec 1 natural 0 1.3 10.00 7.90 9.65 9.11 1.00 2.3 2.3  1.9 0.07 0.7728 73 43 1.1e+02
SKA1W9-12A72B120 0 0 800 -10 3.0-4.0arcsec 4 natural 0 3.3 11.69 3.49 60.69 3.63 1.02 6.1 6  35 0.06 3.3182 1.9e+02 13 20
SKA1W9-12A72B120 0 0 800 -30 3.0-4.0arcsec 4 natural 0 3.3 11.69 3.52 64.54 3.52 1.01 6.1 6  34 0.06 3.3115 1.9e+02 13 19
SKA1W9-0A72B120 0 0 800 -10 1.0-2.0arcsec 2 natural 0 2 11.69 5.94 18.66 6.55 0.96 3.6 3.8  5.1 0.05 1.2748 1.1e+02 38 71
SKA1REF2 0 0 1000 -10 0.4-1.0arcsec 0 natural 0 1.8 10.00 5.64 20.04 6.32 1.00 3.2 3.2  1.1 0.06 0.5893 1e+02 22 52
SKA1REF2 0 0 650 -50 1.0-2.0arcsec 2 natural 0 2 13.52 6.61 24.09 5.76 1.00 3.7 3.7  5.6 0.04 1.3371 1.2e+02 71 47
SKA1W9-0A72B120 0 0 800 -10 10.0-60.0arcmin 5 natural 0 8.5 11.69 1.37 383.93 1.44 1.01 16 15  2e+06 0.03 796.6460 4.9e+02 2 3.6
SKASUR 0 0 1000 -10 0.4-1.0arcsec 0 natural 0 5.7 10.00 1.77 540.29 1.22 3.19 10 3.2  2.2 0.31 0.8418 3.3e+02 56 34
SKA1REF2 0 0 800 -50 1.0-2.0arcsec 2 natural 0 2 11.69 5.75 24.09 5.76 1.00 3.7 3.7  5.5 0.07 1.3273 1.2e+02 35 47
SKASUR 0 0 650 -30 3.0-4.0arcsec 4 natural 0 9.9 13.52 1.37 384.77 1.44 3.00 18 6  35 0.02 3.3400 5.7e+02 34 39
SKA1W9-12A72B120 0 0 800 -50 2.0-3.0arcsec 3 natural 0 2.6 11.69 4.51 38.08 4.58 0.92 4.7 5.1  17 0.05 2.3459 1.5e+02 22 30
SKA1REF2 0 0 650 -50 0.4-1.0arcsec 0 natural 0 1.9 13.52 6.96 19.62 6.39 1.00 3.5 3.5  1.3 0.11 0.6506 1.1e+02 79 54
SKA1REF2 0 0 1000 -10 1.0-2.0arcsec 2 natural 0 2.1 10.00 4.85 24.24 5.75 1.00 3.8 3.8  5.6 0.02 1.3322 1.2e+02 16 46
SKA1REF2 0 0 1000 -50 2.0-3.0arcsec 3 natural 0 2.8 10.00 3.55 43.33 4.30 1.00 5.1 5.1  17 0.05 2.3560 1.6e+02 8.6 27
SKA1REF2 0 0 1000 -30 1.0-2.0arcsec 2 natural 0 2.1 10.00 4.84 23.28 5.86 1.00 3.8 3.8  5.6 0.07 1.3383 1.2e+02 16 49
SKA1W9-0A72B120 0 0 1000 -50 1.0-2.0arcsec 2 natural 0 2.2 10.00 4.53 19.58 6.39 1.06 4 3.8  5.5 0.05 1.3228 1.3e+02 14 69
SKASUR 0 0 800 -10 10.0-60.0arcmin 5 natural 0 47 11.69 0.25 11769.90 0.26 5.55 85 15  3e+06 0.27 984.2465 2.7e+03 1.1 1.2
SKA1REF2 0 0 650 -30 0.4-2.0arcsec 1 natural 0 1.3 13.52 10.05 9.65 9.11 1.00 2.5 2.5  2.3 0.12 0.8610 78 1.6e+02 1.1e+02
SKA1W9-12A72B120 0 0 800 -50 0.4-2.0arcsec 1 natural 0 1 11.69 11.72 5.68 11.87 0.79 1.8 2.3  2.1 0.09 0.8129 57 1.5e+02 1.9e+02
SKA1REF2 0 0 650 -50 3.0-4.0arcsec 4 natural 0 3.3 13.52 4.08 63.52 3.55 1.00 6 6  35 0.02 3.3492 1.9e+02 27 18
SKA1REF2 0 0 1000 -50 3.0-4.0arcsec 4 natural 0 3.4 10.00 2.96 63.52 3.55 1.00 6.2 6.2  35 0.04 3.3353 1.9e+02 6 18
SKASUR 0 0 800 -30 0.4-1.0arcsec 0 natural 0 11 11.69 1.06 533.77 1.22 6.27 20 3.2  2.8 0.39 0.9715 6.4e+02 20 34
SKA1W9-0A72B120 0 0 650 -50 0.4-1.0arcsec 0 natural 0 1.5 13.52 9.20 10.60 8.69 0.76 2.7 3.5  1.9 0.14 0.7898 85 1.4e+02 96
SKA1W9-0A72B120 0 0 1000 -30 3.0-4.0arcsec 4 natural 0 4.2 10.00 2.37 77.69 3.21 1.25 7.7 6.1  36 0.02 3.3682 2.4e+02 3.9 16
SKA1W9-12A72B120 0 0 800 -50 0.4-1.0arcsec 0 natural 0 1.2 11.69 9.46 9.28 9.29 0.69 2.3 3.3  1.5 0.10 0.6993 71 96 1.1e+02
SKA1W9-0A72B120 0 0 800 -50 0.4-2.0arcsec 1 natural 0 1.1 11.69 11.01 6.59 11.02 0.84 1.9 2.3  2 0.09 0.8040 61 1.3e+02 1.6e+02
SKA1W9-12A72B120 0 0 650 -50 1.0-2.0arcsec 2 natural 0 1.5 13.52 9.04 16.18 7.03 0.73 2.7 3.7  4.7 0.01 1.2215 86 1.3e+02 81
SKASUR 0 0 650 -50 2.0-3.0arcsec 3 natural 0 7.9 13.52 1.71 293.84 1.65 2.94 14 4.9  17 0.17 2.3578 4.5e+02 53 49
SKASUR 0 0 800 -50 10.0-60.0arcmin 5 natural 0 51 11.69 0.23 12710.90 0.25 5.76 94 16  3e+06 0.20 975.8601 3e+03 0.93 1.2
SKASUR 0 0 1000 -30 1.0-2.0arcsec 2 natural 0 4.4 10.00 2.25 183.58 2.09 2.15 8.1 3.8  5.6 0.20 1.3458 2.6e+02 91 79
SKA1W9-0A72B120 0 0 800 -10 0.4-1.0arcsec 0 natural 0 1.4 11.69 8.63 11.18 8.46 0.75 2.5 3.3  1.6 0.06 0.7050 78 80 89
SKA1W9-0A72B120 0 0 800 -10 3.0-4.0arcsec 4 natural 0 3.5 11.69 3.31 74.16 3.28 1.08 6.4 6  34 0.06 3.3146 2e+02 12 16
SKASUR 0 0 800 -50 2.0-3.0arcsec 3 natural 0 7.9 11.69 1.48 293.84 1.65 2.82 14 5.1  17 0.02 2.3586 4.6e+02 39 49
SKA1REF2 0 0 800 -30 3.0-4.0arcsec 4 natural 0 3.3 11.69 3.54 62.70 3.57 1.00 6 6  35 0.08 3.3419 1.9e+02 13 18
SKASUR 0 0 800 -10 1.0-2.0arcsec 2 natural 0 6.1 11.69 1.91 184.69 2.08 2.97 11 3.8  5.7 0.24 1.3609 3.5e+02 66 79
SKA1REF2 0 0 650 -30 0.4-1.0arcsec 0 natural 0 1.8 13.52 7.34 18.54 6.57 1.00 3.4 3.4  1.3 0.13 0.6467 1.1e+02 87 59
SKA1W9-0A72B120 0 0 800 -50 10.0-60.0arcmin 5 natural 0 9.2 11.69 1.27 427.79 1.37 1.03 17 16  2e+06 0.06 791.0133 5.3e+02 1.7 3.3
SKA1W9-0A72B120 0 0 800 -30 2.0-3.0arcsec 3 natural 0 3 11.69 3.91 51.16 3.95 1.07 5.5 5.1  17 0.07 2.3491 1.7e+02 16 22
SKASUR 0 0 650 -50 10.0-60.0arcmin 5 natural 0 46 13.52 0.29 12710.90 0.25 6.60 84 13  3.4e+06 0.26 1050.6848 2.7e+03 1.5 1.2
SKASUR 0 0 1000 -50 10.0-60.0arcmin 5 natural 0 44 10.00 0.23 12710.90 0.25 3.83 80 21  2.8e+06 0.22 948.2912 2.5e+03 0.94 1.2
SKASUR 0 0 800 -30 2.0-3.0arcsec 3 natural 0 7.9 11.69 1.48 291.85 1.66 2.84 14 5.1  17 0.19 2.3717 4.6e+02 39 50
SKA1W9-12A72B120 0 0 650 -10 0.4-2.0arcsec 1 natural 0 1 13.52 13.21 5.66 11.88 0.78 1.9 2.4  2.9 0.05 0.9647 59 2.8e+02 1.9e+02
SKA1REF2 0 0 1000 -50 0.4-1.0arcsec 0 natural 0 1.8 10.00 5.59 19.62 6.39 1.00 3.3 3.3  1.1 0.05 0.5885 1e+02 21 54
SKA1W9-12A72B120 0 0 650 -30 0.4-2.0arcsec 1 natural 0 1 13.52 13.58 5.52 12.04 0.74 1.8 2.5  2.8 0.12 0.9420 57 3e+02 2e+02
