# lo0 lores lofreq freq dec resbin ridx weight widx noise166 flux10 snr10 hours snravg relnoise noise50 noise50_ref2 psf_area psf_sym psf_mean
SKA1X9-12A80B133 0 0 1100 -10 1.0-2.0arcsec 1 natural 0 1.8 10.00 5.68 4.23 13.75 1.07 3.2 3  5.4 0.02 1.3141
SKA1X9-12A80B133 0 0 800 -50 0.4-1.0arcsec 0 robust=-2.0:taper=1.0 2 1.3 12.50 9.31 3.07 16.15 0.86 2.4 2.8  2.5 0.01 0.8923
SKA1X9-12A60B100 0 0 650 -50 0.4-1.0arcsec 0 robust=-2.0:taper=1.0 2 1.2 14.45 12.09 2.56 17.66 0.79 2.2 2.7  3.3 0.03 1.0291
SKA1X9-12A54B90 0 0 1100 -10 3.0-4.0arcsec 3 robust=-2.0:taper=1.0 2 2.8 10.00 3.54 16.15 7.04 1.08 5.2 4.8  34 0.00 3.2688
SKA1X9-12A60B100 0 0 650 -30 2.0-3.0arcsec 2 robust=-2.0:taper=0 1 2.6 14.45 5.55 11.30 8.42 1.01 4.7 4.7  16 0.00 2.2439
SKA1REF2 0 0 800 -50 10.0-60.0arcmin 4 robust=-2.0:taper=0 1 7 12.50 1.79 70.36 3.37 1.00 13 13  2e+06 0.03 788.8627
SKA1X9-12A54B90 0 0 650 -50 2.0-3.0arcsec 2 robust=-2.0:taper=0 1 2.4 14.45 6.03 9.83 9.02 0.96 4.4 4.6  16 0.00 2.2317
SKA1REF2 0 0 800 -50 2.0-3.0arcsec 2 robust=-2.0:taper=0 1 2.4 12.50 5.25 9.81 9.03 1.00 4.3 4.3  16 0.00 2.2372
SKA1REF2 0 0 800 -30 10.0-60.0arcmin 4 robust=-2.0:taper=0 1 7.1 12.50 1.75 71.79 3.34 1.00 13 13  2e+06 0.03 789.7634
SKA1X9-12A72B120 0 0 800 -10 2.0-3.0arcsec 2 robust=-2.0:taper=0 1 2.9 12.50 4.25 14.56 7.41 1.07 5.4 5  16 0.02 2.2436
SKA1X9-12A60B100 0 0 1100 -30 2.0-3.0arcsec 2 natural 0 2.4 10.00 4.14 9.37 9.24 1.09 4.4 4  18 0.05 2.3615
SKA1X9-12A80B133 0 0 1100 -30 10.0-60.0arcmin 4 robust=-2.0:taper=1.0 2 11 10.00 0.92 79.97 3.16 1.07 20 18  1.8e+06 0.03 762.2848
SKA1X9-12A60B100 0 0 1100 -50 0.4-1.0arcsec 0 robust=-2.0:taper=0 1 1.5 10.00 6.84 4.02 14.11 0.88 2.7 3  0.9 0.04 0.5354
SKA1REF2 0 0 650 -30 2.0-3.0arcsec 2 robust=-2.0:taper=0 1 2.6 14.45 5.62 10.57 8.70 1.00 4.7 4.7  16 0.02 2.2402
SKA1REF2 0 0 1100 -50 0.4-1.0arcsec 0 robust=-2.0:taper=1.0 2 1.5 10.00 6.52 4.01 14.12 1.00 2.8 2.8  2.7 0.02 0.9221
SKA1X9-12A80B133 0 0 650 -50 10.0-60.0arcmin 4 robust=-2.0:taper=0 1 5.7 14.45 2.53 78.96 3.18 1.06 10 9.8  1.7e+06 0.00 736.7197
SKA1X9-12A80B133 0 0 1100 -10 3.0-4.0arcsec 3 natural 0 2.9 10.00 3.41 14.25 7.49 1.13 5.3 4.7  35 0.03 3.3331
SKA1X9-12A54B90 0 0 800 -50 1.0-2.0arcsec 1 natural 0 1.2 12.50 10.24 2.17 19.20 0.76 2.2 2.9  4.3 0.01 1.1750
SKA1X9-12A72B120 0 0 800 -30 1.0-2.0arcsec 1 natural 0 1.7 12.50 7.42 4.28 13.67 1.03 3.1 3  5.4 0.01 1.3100
SKA1X9-12A80B133 0 0 800 -30 0.4-1.0arcsec 0 natural 0 0.89 12.50 14.02 1.42 23.76 0.63 1.6 2.6  1.2 0.11 0.6094
SKA1X9-12A60B100 0 0 650 -10 0.4-1.0arcsec 0 robust=-2.0:taper=0 1 1.7 14.45 8.70 4.58 13.21 0.93 3 3.2  2.1 0.07 0.8167
SKA1X9-12A60B100 0 0 1100 -50 3.0-4.0arcsec 3 natural 0 2.8 10.00 3.62 13.01 7.84 1.07 5 4.7  36 0.01 3.3635
SKA1X9-12A72B120 0 0 1100 -10 0.4-1.0arcsec 0 natural 0 0.89 10.00 11.27 1.53 22.85 0.63 1.6 2.6  0.89 0.05 0.5325
SKA1X9-12A54B90 0 0 800 -10 0.4-1.0arcsec 0 robust=-2.0:taper=1.0 2 1.3 12.50 9.62 3.04 16.23 0.76 2.4 3.1  3 0.04 0.9708
SKA1X9-12A80B133 0 0 650 -50 0.4-1.0arcsec 0 natural 0 0.93 14.45 15.53 1.45 23.52 0.61 1.7 2.8  1.6 0.11 0.7127
SKA1X9-12A80B133 0 0 800 -50 2.0-3.0arcsec 2 robust=-2.0:taper=0 1 2.6 12.50 4.83 11.73 8.26 1.09 4.7 4.3  16 0.00 2.2375
SKA1X9-12A72B120 0 0 800 -30 2.0-3.0arcsec 2 robust=-2.0:taper=1.0 2 2.7 12.50 4.64 12.25 8.08 1.10 4.9 4.5  16 0.01 2.2581
SKA1X9-12A80B133 0 0 800 -50 1.0-2.0arcsec 1 robust=-2.0:taper=0 1 2 12.50 6.19 6.06 11.49 0.98 3.7 3.8  4.3 0.02 1.1681
SKA1X9-12A54B90 0 0 650 -50 1.0-2.0arcsec 1 robust=-2.0:taper=0 1 1.3 14.45 11.35 3.14 15.97 0.64 2.3 3.6  4.4 0.01 1.1872
SKA1REF2 0 0 800 -10 0.4-1.0arcsec 0 robust=-2.0:taper=0 1 1.7 12.50 7.15 5.39 12.19 1.00 3.2 3.2  1.2 0.07 0.6155
SKA1X9-12A60B100 0 0 1100 -50 10.0-60.0arcmin 4 natural 0 11 10.00 0.95 81.59 3.13 1.06 19 18  1.8e+06 0.05 760.2239
SKA1X9-12A72B120 0 0 1100 -10 0.4-1.0arcsec 0 robust=-2.0:taper=0 1 1.4 10.00 7.16 3.74 14.63 0.79 2.5 3.2  0.88 0.04 0.5286
SKA1X9-12A60B100 0 0 800 -30 0.4-1.0arcsec 0 natural 0 0.96 12.50 12.99 1.80 21.10 0.68 1.8 2.6  1.7 0.14 0.7477
SKA1X9-12A54B90 0 0 1100 -30 1.0-2.0arcsec 1 robust=-2.0:taper=0 1 1.9 10.00 5.33 3.24 15.72 0.87 3.4 3.9  4.2 0.01 1.1520
SKA1REF2 0 0 650 -50 0.4-1.0arcsec 0 robust=-2.0:taper=1.0 2 1.5 14.45 9.61 4.01 14.12 1.00 2.7 2.7  3.3 0.04 1.0249
SKA1X9-12A54B90 0 0 800 -10 2.0-3.0arcsec 2 robust=-2.0:taper=1.0 2 2.7 12.50 4.67 11.36 8.39 0.99 4.9 4.9  16 0.00 2.2557
SKA1X9-12A60B100 0 0 650 -50 1.0-2.0arcsec 1 robust=-2.0:taper=1.0 2 1.3 14.45 11.15 3.62 14.87 0.70 2.4 3.4  4.9 0.01 1.2473
SKA1X9-12A54B90 0 0 800 -30 1.0-2.0arcsec 1 robust=-2.0:taper=0 1 1.3 12.50 9.61 3.24 15.72 0.62 2.4 3.9  4.1 0.02 1.1369
SKA1X9-12A60B100 0 0 800 -50 3.0-4.0arcsec 3 robust=-2.0:taper=1.0 2 2.8 12.50 4.50 12.78 7.91 1.08 5.1 4.7  33 0.00 3.2603
SKA1X9-12A72B120 0 0 1100 -10 2.0-3.0arcsec 2 robust=-2.0:taper=0 1 2.8 10.00 3.62 14.56 7.41 1.10 5 4.6  16 0.00 2.2429
SKA1X9-12A72B120 0 0 1100 -30 0.4-1.0arcsec 0 robust=-2.0:taper=0 1 1.3 10.00 7.63 3.31 15.54 0.77 2.4 3.1  0.83 0.05 0.5153
SKA1X9-12A80B133 0 0 1100 -30 2.0-3.0arcsec 2 robust=-2.0:taper=1.0 2 2.6 10.00 3.84 12.40 8.03 1.15 4.8 4.1  16 0.01 2.2555
SKA1X9-12A60B100 0 0 650 -50 1.0-2.0arcsec 1 robust=-2.0:taper=0 1 1.2 14.45 11.77 3.40 15.33 0.62 2.2 3.6  4.2 0.01 1.1522
SKA1REF2 0 0 1100 -10 10.0-60.0arcmin 4 robust=-2.0:taper=0 1 9.5 10.00 1.06 63.84 3.54 1.00 17 17  1.8e+06 0.05 761.4985
SKA1X9-12A60B100 0 0 800 -50 1.0-2.0arcsec 1 natural 0 1.5 12.50 8.58 2.72 17.14 0.90 2.7 2.9  4.8 0.06 1.2392
SKA1X9-12A60B100 0 0 800 -30 10.0-60.0arcmin 4 robust=-2.0:taper=0 1 7.5 12.50 1.67 81.40 3.13 1.05 14 13  2e+06 0.02 788.2368
SKA1X9-12A72B120 0 0 1100 -10 1.0-2.0arcsec 1 robust=-2.0:taper=0 1 2.4 10.00 4.25 5.21 12.39 1.02 4.3 4.2  4.3 0.01 1.1767
SKA1X9-12A54B90 0 0 1100 -30 10.0-60.0arcmin 4 robust=-2.0:taper=1.0 2 11 10.00 0.92 80.26 3.16 1.07 20 18  1.8e+06 0.04 760.8504
SKA1X9-12A80B133 0 0 800 -10 0.4-1.0arcsec 0 robust=-2.0:taper=1.0 2 1.4 12.50 8.86 3.37 15.41 0.83 2.6 3.1  2.5 0.02 0.8978
SKA1X9-12A54B90 0 0 800 -30 1.0-2.0arcsec 1 natural 0 1.3 12.50 9.94 2.26 18.82 0.77 2.3 3  4.5 0.05 1.1940
SKA1X9-12A72B120 0 0 650 -50 2.0-3.0arcsec 2 natural 0 2.3 14.45 6.19 9.60 9.13 1.09 4.3 3.9  17 0.04 2.3387
SKA1X9-12A60B100 0 0 1100 -30 3.0-4.0arcsec 3 natural 0 2.8 10.00 3.62 12.93 7.87 1.07 5 4.7  36 0.06 3.3697
SKA1REF2 0 0 650 -10 1.0-2.0arcsec 1 robust=-2.0:taper=1.0 2 2 14.45 7.10 7.34 10.44 1.00 3.7 3.7  5.5 0.02 1.3259
SKA1REF2 0 0 800 -30 2.0-3.0arcsec 2 robust=-2.0:taper=1.0 2 2.4 12.50 5.11 10.23 8.84 1.00 4.5 4.5  16 0.00 2.2651
SKA1REF2 0 0 1100 -30 1.0-2.0arcsec 1 robust=-2.0:taper=1.0 2 1.9 10.00 5.14 6.45 11.14 1.00 3.5 3.5  5.1 0.02 1.2771
SKA1X9-12A60B100 0 0 650 -10 1.0-2.0arcsec 1 robust=-2.0:taper=1.0 2 1.4 14.45 10.09 4.24 13.74 0.70 2.6 3.7  5 0.03 1.2651
SKA1X9-12A72B120 0 0 650 -30 2.0-3.0arcsec 2 robust=-2.0:taper=1.0 2 2.7 14.45 5.32 12.25 8.08 1.07 4.9 4.6  16 0.01 2.2695
SKA1X9-12A60B100 0 0 650 -10 2.0-3.0arcsec 2 natural 0 2.2 14.45 6.50 8.94 9.46 1.03 4 3.9  17 0.06 2.3424
SKA1REF2 0 0 1100 -30 2.0-3.0arcsec 2 robust=-2.0:taper=1.0 2 2.3 10.00 4.42 10.23 8.84 1.00 4.1 4.1  16 0.00 2.2619
SKA1X9-12A60B100 0 0 650 -30 0.4-1.0arcsec 0 robust=-2.0:taper=1.0 2 1.2 14.45 12.08 2.63 17.44 0.77 2.2 2.8  3.3 0.05 1.0227
SKA1X9-12A80B133 0 0 650 -10 1.0-2.0arcsec 1 robust=-2.0:taper=0 1 1.7 14.45 8.57 6.25 11.31 0.78 3.1 3.9  4.1 0.00 1.1459
SKA1X9-12A72B120 0 0 650 -10 2.0-3.0arcsec 2 robust=-2.0:taper=0 1 3 14.45 4.88 14.56 7.41 1.06 5.4 5.1  16 0.01 2.2496
SKA1REF2 0 0 650 -50 3.0-4.0arcsec 3 robust=-2.0:taper=1.0 2 2.6 14.45 5.53 11.11 8.49 1.00 4.8 4.8  34 0.00 3.2657
SKA1X9-12A80B133 0 0 1100 -30 10.0-60.0arcmin 4 natural 0 11 10.00 0.92 82.82 3.11 1.08 20 18  1.8e+06 0.03 763.3001
SKA1X9-12A72B120 0 0 800 -50 2.0-3.0arcsec 2 robust=-2.0:taper=0 1 2.5 12.50 4.91 11.12 8.48 1.07 4.6 4.3  16 0.00 2.2322
SKA1X9-12A60B100 0 0 800 -30 3.0-4.0arcsec 3 robust=-2.0:taper=1.0 2 2.9 12.50 4.33 13.88 7.59 1.10 5.3 4.8  33 0.00 3.2635
SKA1X9-12A80B133 0 0 1100 -30 3.0-4.0arcsec 3 natural 0 3 10.00 3.28 15.35 7.22 1.17 5.6 4.7  35 0.02 3.3317
SKA1X9-12A54B90 0 0 800 -50 3.0-4.0arcsec 3 robust=-2.0:taper=0 1 2.7 12.50 4.62 12.44 8.02 1.05 4.9 4.7  33 0.00 3.2556
SKA1X9-12A60B100 0 0 650 -30 3.0-4.0arcsec 3 robust=-2.0:taper=0 1 2.9 14.45 4.91 14.03 7.55 1.08 5.4 5  33 0.01 3.2494
SKA1X9-12A80B133 0 0 1100 -10 2.0-3.0arcsec 2 natural 0 2.4 10.00 4.20 9.26 9.29 1.08 4.3 4  17 0.05 2.3316
SKA1X9-12A54B90 0 0 650 -10 0.4-1.0arcsec 0 robust=-2.0:taper=1.0 2 1.4 14.45 10.61 3.04 16.23 0.81 2.5 3.1  3.7 0.05 1.0818
SKA1X9-12A72B120 0 0 650 -30 3.0-4.0arcsec 3 natural 0 2.8 14.45 5.18 13.37 7.74 1.06 5.1 4.8  35 0.08 3.3593
SKA1X9-12A72B120 0 0 650 -30 10.0-60.0arcmin 4 robust=-2.0:taper=1.0 2 5.7 14.45 2.53 79.79 3.17 1.05 10 9.9  1.7e+06 0.03 728.4277
SKA1X9-12A54B90 0 0 1100 -30 0.4-1.0arcsec 0 natural 0 0.91 10.00 11.02 2.14 19.33 0.65 1.7 2.6  1.3 0.11 0.6448
SKA1X9-12A72B120 0 0 800 -30 1.0-2.0arcsec 1 robust=-2.0:taper=1.0 2 1.9 12.50 6.68 5.21 12.40 0.96 3.4 3.6  5 0.01 1.2615
SKA1X9-12A72B120 0 0 800 -10 1.0-2.0arcsec 1 natural 0 1.6 12.50 8.05 3.70 14.70 0.95 2.8 3  5.1 0.08 1.2801
SKA1REF2 0 0 1100 -30 1.0-2.0arcsec 1 natural 0 1.6 10.00 6.11 4.59 13.20 1.00 3 3  5.6 0.08 1.3327
SKA1X9-12A60B100 0 0 1100 -30 1.0-2.0arcsec 1 robust=-2.0:taper=1.0 2 1.9 10.00 5.28 3.75 14.61 0.97 3.5 3.5  5 0.01 1.2636
SKA1X9-12A60B100 0 0 650 -10 3.0-4.0arcsec 3 natural 0 2.7 14.45 5.32 12.83 7.90 1.07 5 4.7  35 0.04 3.3544
SKA1X9-12A54B90 0 0 650 -50 2.0-3.0arcsec 2 robust=-2.0:taper=1.0 2 2.4 14.45 6.10 9.56 9.15 0.96 4.3 4.5  16 0.00 2.2543
SKA1REF2 0 0 800 -50 0.4-1.0arcsec 0 robust=-2.0:taper=0 1 1.6 12.50 7.68 4.56 13.24 1.00 3 3  1.1 0.08 0.5959
SKA1X9-12A60B100 0 0 800 -10 2.0-3.0arcsec 2 natural 0 2.3 12.50 5.39 8.94 9.46 1.06 4.2 4  17 0.01 2.3509
SKA1X9-12A72B120 0 0 800 -10 0.4-1.0arcsec 0 robust=-2.0:taper=1.0 2 1.4 12.50 9.20 3.18 15.85 0.80 2.5 3.1  2.6 0.03 0.9165
SKA1X9-12A54B90 0 0 650 -30 0.4-1.0arcsec 0 robust=-2.0:taper=0 1 1.7 14.45 8.65 4.64 13.13 1.01 3 3  2.4 0.10 0.8661
SKA1REF2 0 0 800 -30 0.4-1.0arcsec 0 natural 0 1.4 12.50 8.86 3.64 14.83 1.00 2.6 2.6  1.1 0.09 0.5982
SKA1X9-12A72B120 0 0 650 -30 1.0-2.0arcsec 1 natural 0 1.5 14.45 9.96 4.28 13.67 0.89 2.6 3  5 0.10 1.2633
SKA1REF2 0 0 650 -30 2.0-3.0arcsec 2 robust=-2.0:taper=1.0 2 2.5 14.45 5.70 10.23 8.84 1.00 4.6 4.6  16 0.02 2.2625
SKA1X9-12A72B120 0 0 1100 -30 3.0-4.0arcsec 3 natural 0 2.9 10.00 3.49 13.37 7.74 1.11 5.2 4.7  36 0.06 3.3644
SKA1X9-12A60B100 0 0 1100 -50 1.0-2.0arcsec 1 natural 0 1.7 10.00 5.85 2.72 17.14 1.05 3.1 3  5.6 0.04 1.3317
SKA1X9-12A72B120 0 0 650 -10 0.4-1.0arcsec 0 natural 0 1 14.45 14.39 1.53 22.85 0.64 1.8 2.9  1.8 0.06 0.7661
SKA1X9-12A54B90 0 0 1100 -30 3.0-4.0arcsec 3 natural 0 2.7 10.00 3.73 13.59 7.67 1.03 4.9 4.7  35 0.06 3.3379
SKA1REF2 0 0 1100 -50 1.0-2.0arcsec 1 robust=-2.0:taper=0 1 2.1 10.00 4.80 7.12 10.60 1.00 3.8 3.8  4.3 0.01 1.1734
SKA1X9-12A60B100 0 0 800 -50 2.0-3.0arcsec 2 robust=-2.0:taper=1.0 2 2.4 12.50 5.19 9.88 9.00 1.03 4.4 4.3  16 0.00 2.2570
SKA1X9-12A72B120 0 0 800 -50 10.0-60.0arcmin 4 robust=-2.0:taper=0 1 7.3 12.50 1.71 77.30 3.22 1.05 13 13  1.9e+06 0.05 783.7194
SKA1X9-12A72B120 0 0 650 -30 1.0-2.0arcsec 1 robust=-2.0:taper=0 1 1.5 14.45 9.66 5.15 12.47 0.73 2.7 3.7  4 0.01 1.1340
SKA1X9-12A72B120 0 0 800 -10 3.0-4.0arcsec 3 robust=-2.0:taper=0 1 3.2 12.50 3.90 17.64 6.73 1.10 5.8 5.3  33 0.00 3.2537
SKA1X9-12A80B133 0 0 650 -50 1.0-2.0arcsec 1 robust=-2.0:taper=1.0 2 1.7 14.45 8.51 5.70 11.85 0.91 3.1 3.4  4.9 0.01 1.2446
SKA1REF2 0 0 650 -50 10.0-60.0arcmin 4 robust=-2.0:taper=1.0 2 5.4 14.45 2.68 70.36 3.37 1.00 9.8 9.8  1.7e+06 0.02 743.3065
SKA1X9-12A54B90 0 0 650 -30 0.4-1.0arcsec 0 natural 0 1.4 14.45 10.04 2.14 19.33 0.95 2.6 2.8  2.3 0.20 0.8641
SKA1X9-12A72B120 0 0 800 -10 0.4-1.0arcsec 0 robust=-2.0:taper=0 1 1.5 12.50 8.48 3.74 14.63 0.84 2.7 3.2  1.1 0.07 0.6033
SKA1X9-12A60B100 0 0 1100 -10 1.0-2.0arcsec 1 robust=-2.0:taper=0 1 2.1 10.00 4.84 4.14 13.90 0.89 3.8 4.2  4.3 0.01 1.1652
SKA1X9-12A54B90 0 0 650 -50 1.0-2.0arcsec 1 robust=-2.0:taper=1.0 2 1.2 14.45 11.59 3.16 15.91 0.67 2.3 3.4  5.1 0.01 1.2767
SKA1X9-12A72B120 0 0 800 -50 10.0-60.0arcmin 4 natural 0 7.3 12.50 1.71 80.56 3.15 1.05 13 13  1.9e+06 0.05 783.7687
SKA1X9-12A60B100 0 0 800 -50 10.0-60.0arcmin 4 robust=-2.0:taper=1.0 2 7.4 12.50 1.69 78.12 3.20 1.06 14 13  1.9e+06 0.05 783.9120
SKA1X9-12A80B133 0 0 650 -50 3.0-4.0arcsec 3 natural 0 2.9 14.45 4.95 14.82 7.35 1.13 5.3 4.7  35 0.03 3.3317
SKA1X9-12A54B90 0 0 800 -10 1.0-2.0arcsec 1 robust=-2.0:taper=0 1 1.4 12.50 8.68 4.05 14.06 0.65 2.6 4  4.2 0.02 1.1535
SKA1X9-12A54B90 0 0 1100 -50 1.0-2.0arcsec 1 robust=-2.0:taper=1.0 2 1.7 10.00 5.80 3.16 15.91 0.92 3.1 3.4  4.9 0.00 1.2536
SKA1X9-12A80B133 0 0 1100 -30 0.4-1.0arcsec 0 natural 0 0.92 10.00 10.82 1.42 23.76 0.66 1.7 2.6  0.78 0.06 0.4978
SKA1X9-12A80B133 0 0 800 -50 2.0-3.0arcsec 2 natural 0 2.3 12.50 5.36 9.19 9.33 1.06 4.2 4  18 0.08 2.3695
SKA1X9-12A60B100 0 0 1100 -10 2.0-3.0arcsec 2 robust=-2.0:taper=0 1 2.6 10.00 3.83 12.68 7.94 1.03 4.8 4.6  16 0.00 2.2432
SKA1X9-12A60B100 0 0 1100 -50 1.0-2.0arcsec 1 robust=-2.0:taper=1.0 2 1.8 10.00 5.47 3.62 14.87 0.98 3.3 3.4  5 0.00 1.2611
SKA1X9-12A60B100 0 0 800 -30 10.0-60.0arcmin 4 natural 0 7.5 12.50 1.67 83.22 3.10 1.05 14 13  2e+06 0.02 788.4073
SKA1X9-12A60B100 0 0 800 -10 2.0-3.0arcsec 2 robust=-2.0:taper=1.0 2 2.8 12.50 4.54 12.37 8.04 1.02 5 4.9  16 0.01 2.2629
SKA1X9-12A54B90 0 0 650 -10 10.0-60.0arcmin 4 natural 0 5.6 14.45 2.56 74.62 3.27 1.07 10 9.6  2e+06 0.01 794.8909
SKA1REF2 0 0 650 -30 3.0-4.0arcsec 3 natural 0 2.6 14.45 5.51 11.73 8.26 1.00 4.8 4.8  36 0.06 3.3694
SKA1X9-12A80B133 0 0 1100 -30 10.0-60.0arcmin 4 robust=-2.0:taper=0 1 11 10.00 0.92 79.97 3.16 1.07 20 18  1.8e+06 0.03 762.2847
SKA1X9-12A72B120 0 0 800 -30 10.0-60.0arcmin 4 natural 0 7.5 12.50 1.66 82.66 3.11 1.06 14 13  1.9e+06 0.02 787.7000
SKA1X9-12A80B133 0 0 1100 -10 1.0-2.0arcsec 1 robust=-2.0:taper=0 1 2.4 10.00 4.10 6.25 11.31 1.05 4.4 4.2  4.4 0.01 1.1843
SKA1X9-12A80B133 0 0 1100 -10 0.4-1.0arcsec 0 robust=-2.0:taper=1.0 2 1.6 10.00 6.15 3.37 15.41 0.96 3 3.1  2.4 0.01 0.8697
SKA1X9-12A80B133 0 0 650 -30 3.0-4.0arcsec 3 natural 0 3 14.45 4.85 15.35 7.22 1.14 5.4 4.8  35 0.04 3.3383
SKA1REF2 0 0 1100 -10 3.0-4.0arcsec 3 robust=-2.0:taper=0 1 2.6 10.00 3.79 14.40 7.45 1.00 4.8 4.8  33 0.00 3.2557
SKA1X9-12A80B133 0 0 1100 -10 2.0-3.0arcsec 2 robust=-2.0:taper=1.0 2 2.8 10.00 3.55 14.74 7.37 1.13 5.1 4.5  16 0.00 2.2585
SKA1X9-12A80B133 0 0 1100 -50 2.0-3.0arcsec 2 robust=-2.0:taper=0 1 2.5 10.00 3.98 11.73 8.26 1.14 4.6 4  16 0.01 2.2308
SKA1X9-12A54B90 0 0 800 -10 3.0-4.0arcsec 3 robust=-2.0:taper=1.0 2 3.1 12.50 4.08 16.15 7.04 1.06 5.6 5.3  33 0.01 3.2651
SKA1X9-12A54B90 0 0 800 -30 0.4-1.0arcsec 0 robust=-2.0:taper=1.0 2 1.2 12.50 10.54 2.59 17.59 0.75 2.2 2.9  2.9 0.04 0.9631
SKA1X9-12A72B120 0 0 1100 -10 3.0-4.0arcsec 3 robust=-2.0:taper=0 1 3 10.00 3.37 17.64 6.73 1.12 5.4 4.8  33 0.00 3.2533
SKA1X9-12A54B90 0 0 1100 -10 0.4-1.0arcsec 0 robust=-2.0:taper=0 1 1.7 10.00 5.97 5.24 12.35 0.94 3.1 3.2  0.98 0.07 0.5591
SKA1X9-12A60B100 0 0 650 -10 2.0-3.0arcsec 2 robust=-2.0:taper=0 1 2.7 14.45 5.33 12.68 7.94 0.97 4.9 5.1  16 0.01 2.2392
SKA1X9-12A80B133 0 0 650 -10 2.0-3.0arcsec 2 robust=-2.0:taper=0 1 3 14.45 4.79 15.13 7.27 1.08 5.5 5.1  16 0.01 2.2459
SKA1X9-12A72B120 0 0 800 -30 2.0-3.0arcsec 2 robust=-2.0:taper=0 1 2.7 12.50 4.57 12.60 7.97 1.10 5 4.5  16 0.01 2.2355
SKA1X9-12A60B100 0 0 800 -30 3.0-4.0arcsec 3 natural 0 2.7 12.50 4.56 12.93 7.87 1.05 5 4.8  35 0.09 3.3352
SKA1X9-12A60B100 0 0 1100 -50 3.0-4.0arcsec 3 robust=-2.0:taper=0 1 2.5 10.00 3.93 12.91 7.87 1.07 4.6 4.3  33 0.00 3.2513
SKA1X9-12A80B133 0 0 650 -10 3.0-4.0arcsec 3 robust=-2.0:taper=1.0 2 3.4 14.45 4.25 18.89 6.51 1.13 6.2 5.5  34 0.01 3.2680
SKA1X9-12A72B120 0 0 1100 -30 10.0-60.0arcmin 4 robust=-2.0:taper=0 1 11 10.00 0.94 79.79 3.17 1.06 19 18  1.8e+06 0.03 760.4492
SKA1X9-12A72B120 0 0 650 -50 3.0-4.0arcsec 3 robust=-2.0:taper=0 1 2.9 14.45 4.93 13.84 7.60 1.12 5.3 4.8  33 0.01 3.2515
SKA1X9-12A60B100 0 0 1100 -50 10.0-60.0arcmin 4 robust=-2.0:taper=1.0 2 11 10.00 0.95 78.12 3.20 1.05 19 18  1.8e+06 0.05 760.0752
SKA1REF2 0 0 1100 -10 2.0-3.0arcsec 2 natural 0 2.2 10.00 4.53 8.16 9.90 1.00 4 4  17 0.07 2.3478
SKA1X9-12A72B120 0 0 800 -10 1.0-2.0arcsec 1 robust=-2.0:taper=0 1 1.9 12.50 6.69 5.21 12.39 0.84 3.4 4  4.1 0.00 1.1491
SKA1X9-12A72B120 0 0 650 -30 2.0-3.0arcsec 2 robust=-2.0:taper=0 1 2.8 14.45 5.25 12.60 7.97 1.07 5 4.7  16 0.01 2.2476
SKA1X9-12A60B100 0 0 1100 -50 3.0-4.0arcsec 3 robust=-2.0:taper=1.0 2 2.5 10.00 3.95 12.78 7.91 1.07 4.6 4.3  33 0.00 3.2601
SKA1REF2 0 0 650 -30 3.0-4.0arcsec 3 robust=-2.0:taper=1.0 2 2.7 14.45 5.31 11.85 8.22 1.00 5 5  33 0.01 3.2638
SKA1X9-12A60B100 0 0 800 -50 0.4-1.0arcsec 0 robust=-2.0:taper=0 1 1.5 12.50 8.12 4.02 14.11 0.95 2.8 3  1.4 0.07 0.6613
SKA1X9-12A54B90 0 0 1100 -30 3.0-4.0arcsec 3 robust=-2.0:taper=1.0 2 2.6 10.00 3.84 13.21 7.78 1.06 4.7 4.5  34 0.00 3.2673
SKA1X9-12A80B133 0 0 800 -30 2.0-3.0arcsec 2 natural 0 2.4 12.50 5.30 9.11 9.37 1.06 4.3 4.1  18 0.06 2.3662
SKA1X9-12A72B120 0 0 1100 -30 1.0-2.0arcsec 1 robust=-2.0:taper=1.0 2 2.1 10.00 4.87 5.21 12.40 1.06 3.7 3.5  5.1 0.01 1.2742
SKA1X9-12A60B100 0 0 650 -50 10.0-60.0arcmin 4 robust=-2.0:taper=0 1 5.7 14.45 2.55 78.12 3.20 1.05 10 9.8  1.7e+06 0.01 737.3100
SKA1X9-12A80B133 0 0 1100 -50 1.0-2.0arcsec 1 robust=-2.0:taper=0 1 2.2 10.00 4.54 6.06 11.49 1.06 4 3.8  4.3 0.01 1.1663
SKA1X9-12A80B133 0 0 800 -10 1.0-2.0arcsec 1 robust=-2.0:taper=1.0 2 2 12.50 6.27 6.17 11.39 0.96 3.6 3.8  5 0.00 1.2578
SKA1X9-12A72B120 0 0 1100 -50 3.0-4.0arcsec 3 natural 0 2.9 10.00 3.46 13.55 7.68 1.12 5.3 4.7  35 0.01 3.3568
SKA1REF2 0 0 1100 -30 0.4-1.0arcsec 0 natural 0 1.4 10.00 7.14 3.64 14.83 1.00 2.6 2.6  1.1 0.06 0.5872
SKA1X9-12A80B133 0 0 800 -10 0.4-1.0arcsec 0 natural 0 0.92 12.50 13.63 1.49 23.14 0.65 1.7 2.6  1.2 0.05 0.6218
SKA1X9-12A72B120 0 0 1100 -50 0.4-1.0arcsec 0 robust=-2.0:taper=1.0 2 1.5 10.00 6.79 2.79 16.92 0.96 2.7 2.8  2.4 0.00 0.8716
SKA1X9-12A60B100 0 0 800 -50 1.0-2.0arcsec 1 robust=-2.0:taper=0 1 1.5 12.50 8.44 3.40 15.33 0.72 2.7 3.8  4 0.01 1.1333
SKA1X9-12A80B133 0 0 800 -10 2.0-3.0arcsec 2 robust=-2.0:taper=1.0 2 2.9 12.50 4.26 14.74 7.37 1.09 5.3 4.9  16 0.01 2.2665
SKA1REF2 0 0 1100 -50 3.0-4.0arcsec 3 robust=-2.0:taper=1.0 2 2.4 10.00 4.23 11.11 8.49 1.00 4.3 4.3  33 0.00 3.2600
SKA1REF2 0 0 650 -10 10.0-60.0arcmin 4 robust=-2.0:taper=0 1 5.2 14.45 2.80 63.84 3.54 1.00 9.4 9.4  1.7e+06 0.01 745.2286
SKA1X9-12A54B90 0 0 650 -50 10.0-60.0arcmin 4 robust=-2.0:taper=1.0 2 5.6 14.45 2.56 77.49 3.21 1.05 10 9.8  1.7e+06 0.00 737.0772
SKA1X9-12A54B90 0 0 650 -30 0.4-1.0arcsec 0 robust=-2.0:taper=1.0 2 1.2 14.45 11.66 2.59 17.59 0.80 2.3 2.8  3.6 0.05 1.0710
SKA1REF2 0 0 1100 -10 1.0-2.0arcsec 1 robust=-2.0:taper=1.0 2 2.1 10.00 4.72 7.34 10.44 1.00 3.9 3.9  5.2 0.00 1.2876
SKA1X9-12A72B120 0 0 650 -10 2.0-3.0arcsec 2 natural 0 2.3 14.45 6.28 9.47 9.19 1.07 4.2 3.9  17 0.07 2.3469
SKA1REF2 0 0 800 -50 1.0-2.0arcsec 1 robust=-2.0:taper=0 1 2.1 12.50 6.04 7.12 10.60 1.00 3.8 3.8  4.4 0.01 1.1870
SKA1X9-12A54B90 0 0 800 -50 0.4-1.0arcsec 0 natural 0 1 12.50 12.05 2.23 18.94 0.74 1.9 2.6  2 0.13 0.8049
SKA1X9-12A72B120 0 0 800 -30 3.0-4.0arcsec 3 robust=-2.0:taper=0 1 3 12.50 4.14 15.51 7.18 1.15 5.5 4.8  33 0.00 3.2537
SKA1X9-12A54B90 0 0 1100 -50 2.0-3.0arcsec 2 robust=-2.0:taper=0 1 2.3 10.00 4.30 9.83 9.02 1.05 4.2 4  16 0.01 2.2324
SKA1X9-12A60B100 0 0 1100 -10 10.0-60.0arcmin 4 natural 0 10 10.00 1.00 73.84 3.29 1.06 18 17  1.8e+06 0.01 765.8176
SKA1X9-12A80B133 0 0 650 -50 3.0-4.0arcsec 3 robust=-2.0:taper=1.0 2 2.9 14.45 4.99 13.95 7.57 1.11 5.3 4.8  33 0.00 3.2637
SKA1REF2 0 0 650 -30 10.0-60.0arcmin 4 robust=-2.0:taper=0 1 5.4 14.45 2.66 71.79 3.34 1.00 9.9 9.9  1.7e+06 0.05 737.5222
SKA1X9-12A54B90 0 0 1100 -50 10.0-60.0arcmin 4 natural 0 11 10.00 0.94 81.12 3.14 1.06 19 18  1.8e+06 0.06 761.1857
SKA1X9-12A72B120 0 0 800 -50 10.0-60.0arcmin 4 robust=-2.0:taper=1.0 2 7.3 12.50 1.71 77.30 3.22 1.05 13 13  1.9e+06 0.05 783.7195
SKA1X9-12A54B90 0 0 800 -30 0.4-1.0arcsec 0 natural 0 1 12.50 12.30 2.14 19.33 0.72 1.9 2.6  2 0.17 0.8019
SKA1X9-12A54B90 0 0 650 -50 0.4-1.0arcsec 0 robust=-2.0:taper=1.0 2 1.2 14.45 11.87 2.49 17.94 0.81 2.2 2.7  3.7 0.04 1.0818
SKA1X9-12A72B120 0 0 800 -10 1.0-2.0arcsec 1 robust=-2.0:taper=1.0 2 1.9 12.50 6.74 5.35 12.23 0.89 3.4 3.8  4.9 0.00 1.2491
SKA1REF2 0 0 1100 -50 3.0-4.0arcsec 3 natural 0 2.6 10.00 3.87 11.48 8.35 1.00 4.7 4.7  35 0.03 3.3598
SKA1X9-12A60B100 0 0 650 -30 3.0-4.0arcsec 3 robust=-2.0:taper=1.0 2 2.9 14.45 4.93 13.88 7.59 1.08 5.3 5  33 0.01 3.2579
SKA1X9-12A60B100 0 0 1100 -10 1.0-2.0arcsec 1 robust=-2.0:taper=1.0 2 2 10.00 5.10 4.24 13.74 0.93 3.6 3.9  5 0.01 1.2651
SKA1X9-12A54B90 0 0 650 -50 2.0-3.0arcsec 2 natural 0 2.2 14.45 6.53 8.72 9.58 1.04 4 3.9  17 0.05 2.3415
SKA1X9-12A54B90 0 0 1100 -50 2.0-3.0arcsec 2 natural 0 2.4 10.00 4.23 8.72 9.58 1.08 4.3 4  17 0.07 2.3402
SKA1X9-12A80B133 0 0 650 -10 3.0-4.0arcsec 3 robust=-2.0:taper=0 1 3.4 14.45 4.24 19.03 6.48 1.12 6.2 5.5  33 0.01 3.2601
SKA1X9-12A60B100 0 0 1100 -30 0.4-1.0arcsec 0 robust=-2.0:taper=0 1 1.5 10.00 6.74 4.08 14.00 0.87 2.7 3.1  0.9 0.06 0.5354
SKA1REF2 0 0 1100 -30 0.4-1.0arcsec 0 robust=-2.0:taper=1.0 2 1.6 10.00 6.29 4.23 13.75 1.00 2.9 2.9  2.7 0.03 0.9251
SKA1X9-12A80B133 0 0 650 -30 1.0-2.0arcsec 1 robust=-2.0:taper=0 1 1.7 14.45 8.44 6.34 11.23 0.84 3.1 3.7  4.1 0.00 1.1392
SKA1X9-12A80B133 0 0 800 -30 10.0-60.0arcmin 4 robust=-2.0:taper=1.0 2 7.5 12.50 1.67 79.97 3.16 1.05 14 13  2e+06 0.02 789.7623
SKA1X9-12A72B120 0 0 800 -50 1.0-2.0arcsec 1 robust=-2.0:taper=0 1 1.9 12.50 6.65 4.84 12.85 0.91 3.4 3.8  4.2 0.02 1.1581
SKA1X9-12A80B133 0 0 800 -30 1.0-2.0arcsec 1 natural 0 1.7 12.50 7.32 4.56 13.24 1.04 3.1 3  5.5 0.05 1.3280
SKA1X9-12A60B100 0 0 1100 -10 2.0-3.0arcsec 2 robust=-2.0:taper=1.0 2 2.6 10.00 3.89 12.37 8.04 1.04 4.7 4.5  16 0.00 2.2656
SKA1REF2 0 0 650 -30 2.0-3.0arcsec 2 natural 0 2.1 14.45 6.74 8.22 9.86 1.00 3.9 3.9  17 0.08 2.3465
SKA1X9-12A54B90 0 0 650 -10 10.0-60.0arcmin 4 robust=-2.0:taper=1.0 2 5.5 14.45 2.65 71.58 3.34 1.06 9.9 9.4  1.7e+06 0.00 733.9277
SKA1REF2 0 0 800 -30 10.0-60.0arcmin 4 natural 0 7.1 12.50 1.76 74.76 3.27 1.00 13 13  2e+06 0.03 790.5842
SKA1X9-12A80B133 0 0 800 -30 3.0-4.0arcsec 3 natural 0 3 12.50 4.22 15.35 7.22 1.14 5.4 4.8  35 0.06 3.3566
SKA1X9-12A54B90 0 0 800 -10 3.0-4.0arcsec 3 robust=-2.0:taper=0 1 3.1 12.50 4.06 16.31 7.00 1.06 5.6 5.3  33 0.01 3.2568
SKA1X9-12A60B100 0 0 800 -50 2.0-3.0arcsec 2 robust=-2.0:taper=0 1 2.4 12.50 5.12 10.17 8.87 1.03 4.5 4.3  16 0.00 2.2341
SKA1X9-12A60B100 0 0 800 -10 3.0-4.0arcsec 3 natural 0 2.7 12.50 4.56 12.83 7.90 1.06 5 4.7  35 0.06 3.3328
SKA1X9-12A80B133 0 0 800 -30 1.0-2.0arcsec 1 robust=-2.0:taper=0 1 2.1 12.50 5.98 6.34 11.23 0.99 3.8 3.9  4.3 0.00 1.1722
SKA1REF2 0 0 1100 -30 10.0-60.0arcmin 4 robust=-2.0:taper=1.0 2 10 10.00 0.99 71.79 3.34 1.00 18 18  1.8e+06 0.07 757.0997
SKA1X9-12A60B100 0 0 650 -10 3.0-4.0arcsec 3 robust=-2.0:taper=0 1 3.2 14.45 4.55 15.85 7.11 1.05 5.8 5.5  33 0.00 3.2535
SKA1X9-12A72B120 0 0 650 -50 2.0-3.0arcsec 2 robust=-2.0:taper=1.0 2 2.6 14.45 5.62 10.80 8.61 1.04 4.7 4.5  16 0.00 2.2679
SKA1X9-12A54B90 0 0 800 -50 2.0-3.0arcsec 2 robust=-2.0:taper=0 1 2.4 12.50 5.15 9.83 9.02 1.02 4.4 4.3  16 0.01 2.2294
SKA1X9-12A54B90 0 0 1100 -30 10.0-60.0arcmin 4 natural 0 11 10.00 0.92 82.71 3.11 1.08 20 18  1.8e+06 0.04 761.7778
SKA1X9-12A80B133 0 0 800 -30 0.4-1.0arcsec 0 robust=-2.0:taper=0 1 1.3 12.50 9.57 2.93 16.53 0.79 2.4 3  1 0.07 0.5704
SKA1X9-12A54B90 0 0 800 -50 3.0-4.0arcsec 3 robust=-2.0:taper=1.0 2 2.7 12.50 4.64 12.32 8.06 1.05 4.9 4.7  33 0.00 3.2641
SKA1REF2 0 0 650 -10 2.0-3.0arcsec 2 robust=-2.0:taper=0 1 2.8 14.45 5.16 12.69 7.94 1.00 5.1 5.1  16 0.00 2.2496
SKA1X9-12A80B133 0 0 800 -50 10.0-60.0arcmin 4 natural 0 7.4 12.50 1.69 82.50 3.11 1.06 13 13  1.9e+06 0.05 785.2618
SKA1X9-12A60B100 0 0 800 -50 10.0-60.0arcmin 4 natural 0 7.4 12.50 1.69 81.59 3.13 1.06 14 13  1.9e+06 0.05 784.0430
SKA1REF2 0 0 1100 -50 10.0-60.0arcmin 4 natural 0 10 10.00 1.00 72.71 3.32 1.00 18 18  1.8e+06 0.08 763.9115
SKA1X9-12A54B90 0 0 650 -30 2.0-3.0arcsec 2 robust=-2.0:taper=0 1 2.5 14.45 5.75 10.74 8.63 0.98 4.6 4.7  16 0.01 2.2294
SKA1X9-12A60B100 0 0 1100 -30 10.0-60.0arcmin 4 natural 0 11 10.00 0.94 83.22 3.10 1.06 19 18  1.8e+06 0.03 760.3348
SKA1X9-12A72B120 0 0 800 -30 2.0-3.0arcsec 2 natural 0 2.4 12.50 5.22 9.80 9.03 1.07 4.4 4.1  17 0.07 2.3440
SKA1REF2 0 0 800 -10 0.4-1.0arcsec 0 natural 0 1.4 12.50 8.83 3.74 14.63 1.00 2.6 2.6  1.1 0.06 0.5991
SKA1X9-12A72B120 0 0 650 -10 10.0-60.0arcmin 4 robust=-2.0:taper=0 1 5.4 14.45 2.70 69.52 3.39 1.04 9.8 9.4  1.7e+06 0.00 732.8083
SKA1X9-12A60B100 0 0 650 -10 2.0-3.0arcsec 2 robust=-2.0:taper=1.0 2 2.7 14.45 5.38 12.37 8.04 0.97 4.9 5  16 0.01 2.2613
SKA1X9-12A80B133 0 0 1100 -10 1.0-2.0arcsec 1 robust=-2.0:taper=1.0 2 2.2 10.00 4.45 6.17 11.39 1.06 4.1 3.9  5.2 0.01 1.2831
SKA1X9-12A60B100 0 0 650 -10 1.0-2.0arcsec 1 natural 0 1 14.45 13.78 2.57 17.63 0.64 1.9 3  4.5 0.05 1.1911
SKA1X9-12A60B100 0 0 650 -30 1.0-2.0arcsec 1 robust=-2.0:taper=0 1 1.3 14.45 11.54 3.53 15.06 0.61 2.3 3.7  4.2 0.03 1.1523
SKA1REF2 0 0 800 -10 10.0-60.0arcmin 4 natural 0 6.6 12.50 1.88 65.67 3.49 1.00 12 12  2e+06 0.03 792.3161
SKA1X9-12A54B90 0 0 650 -30 2.0-3.0arcsec 2 natural 0 2.2 14.45 6.59 8.45 9.73 1.02 4 3.9  17 0.06 2.3553
SKA1REF2 0 0 1100 -10 2.0-3.0arcsec 2 robust=-2.0:taper=0 1 2.5 10.00 3.96 12.69 7.94 1.00 4.6 4.6  16 0.00 2.2388
SKA1X9-12A60B100 0 0 800 -50 10.0-60.0arcmin 4 robust=-2.0:taper=0 1 7.4 12.50 1.69 78.12 3.20 1.06 14 13  1.9e+06 0.05 783.9118
SKA1X9-12A60B100 0 0 1100 -30 10.0-60.0arcmin 4 robust=-2.0:taper=0 1 11 10.00 0.94 81.40 3.13 1.06 19 18  1.8e+06 0.03 759.6322
SKA1REF2 0 0 800 -30 3.0-4.0arcsec 3 robust=-2.0:taper=1.0 2 2.6 12.50 4.77 11.85 8.22 1.00 4.8 4.8  33 0.01 3.2533
SKA1X9-12A54B90 0 0 800 -50 3.0-4.0arcsec 3 natural 0 2.8 12.50 4.39 13.01 7.84 1.11 5.2 4.7  35 0.08 3.3282
SKA1X9-12A80B133 0 0 800 -10 10.0-60.0arcmin 4 robust=-2.0:taper=0 1 7 12.50 1.79 70.55 3.37 1.05 13 12  2e+06 0.03 789.1240
SKA1X9-12A54B90 0 0 800 -10 10.0-60.0arcmin 4 robust=-2.0:taper=0 1 7 12.50 1.78 71.58 3.34 1.06 13 12  2e+06 0.03 789.8739
SKA1X9-12A54B90 0 0 800 -50 10.0-60.0arcmin 4 natural 0 7.4 12.50 1.70 81.12 3.14 1.06 13 13  1.9e+06 0.04 787.6018
SKA1REF2 0 0 800 -10 0.4-1.0arcsec 0 robust=-2.0:taper=1.0 2 1.7 12.50 7.35 4.90 12.78 1.00 3.1 3.1  3 0.04 0.9838
SKA1X9-12A54B90 0 0 800 -30 3.0-4.0arcsec 3 robust=-2.0:taper=1.0 2 2.8 12.50 4.52 13.21 7.78 1.05 5 4.8  33 0.00 3.2652
SKA1X9-12A80B133 0 0 650 -10 2.0-3.0arcsec 2 natural 0 2.3 14.45 6.35 9.26 9.29 1.06 4.1 3.9  17 0.04 2.3318
SKA1X9-12A80B133 0 0 1100 -50 10.0-60.0arcmin 4 robust=-2.0:taper=0 1 11 10.00 0.94 78.96 3.18 1.07 19 18  1.8e+06 0.06 762.4833
SKA1X9-12A72B120 0 0 1100 -30 1.0-2.0arcsec 1 robust=-2.0:taper=0 1 2.2 10.00 4.48 5.15 12.47 1.04 4.1 3.9  4.3 0.01 1.1737
SKA1X9-12A80B133 0 0 650 -30 3.0-4.0arcsec 3 robust=-2.0:taper=1.0 2 3.1 14.45 4.71 15.42 7.20 1.13 5.6 5  33 0.00 3.2641
SKA1X9-12A72B120 0 0 800 -30 10.0-60.0arcmin 4 robust=-2.0:taper=1.0 2 7.5 12.50 1.66 79.79 3.17 1.06 14 13  1.9e+06 0.02 787.7218
SKA1X9-12A54B90 0 0 800 -30 10.0-60.0arcmin 4 natural 0 7.5 12.50 1.66 82.71 3.11 1.06 14 13  2e+06 0.03 790.7220
SKA1X9-12A72B120 0 0 1100 -50 0.4-1.0arcsec 0 robust=-2.0:taper=0 1 1.3 10.00 7.80 3.20 15.81 0.77 2.3 3  0.83 0.03 0.5145
SKA1X9-12A60B100 0 0 1100 -10 1.0-2.0arcsec 1 natural 0 1.7 10.00 6.05 2.57 17.63 1.01 3 3  5.4 0.03 1.3085
SKA1X9-12A60B100 0 0 800 -50 1.0-2.0arcsec 1 robust=-2.0:taper=1.0 2 1.5 12.50 8.18 3.62 14.87 0.80 2.8 3.5  4.8 0.01 1.2364
SKA1X9-12A72B120 0 0 800 -10 10.0-60.0arcmin 4 natural 0 6.9 12.50 1.80 72.51 3.32 1.04 13 12  1.9e+06 0.03 786.9182
SKA1X9-12A80B133 0 0 650 -50 1.0-2.0arcsec 1 natural 0 1.6 14.45 9.24 4.64 13.13 0.95 2.9 3  5.2 0.08 1.2922
SKA1X9-12A60B100 0 0 1100 -10 2.0-3.0arcsec 2 natural 0 2.3 10.00 4.27 8.94 9.46 1.06 4.3 4  17 0.08 2.3546
SKA1X9-12A72B120 0 0 1100 -10 2.0-3.0arcsec 2 natural 0 2.4 10.00 4.18 9.47 9.19 1.08 4.4 4  17 0.08 2.3549
SKA1X9-12A72B120 0 0 800 -10 0.4-1.0arcsec 0 natural 0 0.91 12.50 13.70 1.53 22.85 0.64 1.7 2.6  1.4 0.05 0.6711
SKA1REF2 0 0 1100 -30 3.0-4.0arcsec 3 robust=-2.0:taper=0 1 2.5 10.00 4.05 11.95 8.18 1.00 4.5 4.5  33 0.01 3.2489
SKA1X9-12A54B90 0 0 1100 -50 2.0-3.0arcsec 2 robust=-2.0:taper=1.0 2 2.3 10.00 4.38 9.56 9.15 1.05 4.2 4  16 0.01 2.2560
SKA1X9-12A54B90 0 0 800 -10 0.4-1.0arcsec 0 robust=-2.0:taper=0 1 1.8 12.50 7.12 5.24 12.35 1.00 3.2 3.2  1.6 0.08 0.7240
SKA1X9-12A54B90 0 0 800 -50 1.0-2.0arcsec 1 robust=-2.0:taper=1.0 2 1.4 12.50 9.24 3.16 15.91 0.71 2.5 3.5  4.8 0.01 1.2387
SKA1X9-12A60B100 0 0 650 -30 3.0-4.0arcsec 3 natural 0 2.7 14.45 5.29 12.93 7.87 1.04 5 4.8  35 0.08 3.3568
SKA1X9-12A72B120 0 0 800 -50 2.0-3.0arcsec 2 robust=-2.0:taper=1.0 2 2.5 12.50 4.98 10.80 8.61 1.07 4.6 4.3  16 0.00 2.2552
SKA1X9-12A72B120 0 0 800 -10 10.0-60.0arcmin 4 robust=-2.0:taper=1.0 2 6.9 12.50 1.80 69.52 3.39 1.04 13 12  1.9e+06 0.03 786.9955
SKA1X9-12A54B90 0 0 800 -10 0.4-1.0arcsec 0 natural 0 1.1 12.50 11.46 2.48 17.97 0.77 2 2.6  2 0.06 0.7998
SKA1X9-12A80B133 0 0 650 -50 2.0-3.0arcsec 2 robust=-2.0:taper=0 1 2.7 14.45 5.39 11.73 8.26 1.07 4.9 4.6  16 0.00 2.2380
SKA1X9-12A72B120 0 0 800 -30 1.0-2.0arcsec 1 robust=-2.0:taper=0 1 1.9 12.50 6.48 5.15 12.47 0.91 3.5 3.9  4.2 0.01 1.1585
SKA1X9-12A72B120 0 0 650 -10 1.0-2.0arcsec 1 natural 0 1.3 14.45 10.87 3.70 14.70 0.81 2.4 3  4.7 0.00 1.2267
SKA1REF2 0 0 1100 -30 1.0-2.0arcsec 1 robust=-2.0:taper=0 1 2.1 10.00 4.66 7.50 10.33 1.00 3.9 3.9  4.3 0.02 1.1766
SKA1REF2 0 0 1100 -10 0.4-1.0arcsec 0 natural 0 1.4 10.00 7.13 3.74 14.63 1.00 2.6 2.6  1.1 0.06 0.5857
SKA1X9-12A60B100 0 0 800 -50 3.0-4.0arcsec 3 robust=-2.0:taper=0 1 2.8 12.50 4.48 12.91 7.87 1.08 5.1 4.7  33 0.00 3.2517
SKA1X9-12A54B90 0 0 1100 -10 3.0-4.0arcsec 3 robust=-2.0:taper=0 1 2.8 10.00 3.51 16.31 7.00 1.08 5.2 4.8  33 0.00 3.2604
SKA1X9-12A80B133 0 0 800 -10 1.0-2.0arcsec 1 natural 0 1.6 12.50 7.65 4.23 13.75 1.00 3 3  5.3 0.07 1.3054
SKA1X9-12A72B120 0 0 1100 -30 0.4-1.0arcsec 0 robust=-2.0:taper=1.0 2 1.5 10.00 6.63 2.94 16.48 0.95 2.7 2.9  2.4 0.01 0.8705
SKA1X9-12A60B100 0 0 1100 -50 2.0-3.0arcsec 2 robust=-2.0:taper=1.0 2 2.3 10.00 4.39 9.88 9.00 1.05 4.2 4  16 0.00 2.2652
SKA1X9-12A80B133 0 0 800 -30 2.0-3.0arcsec 2 robust=-2.0:taper=1.0 2 2.7 12.50 4.66 12.40 8.03 1.10 4.9 4.5  16 0.00 2.2658
SKA1X9-12A54B90 0 0 650 -10 2.0-3.0arcsec 2 robust=-2.0:taper=0 1 2.5 14.45 5.78 11.57 8.32 0.89 4.6 5.1  16 0.02 2.2303
SKA1REF2 0 0 650 -50 0.4-1.0arcsec 0 robust=-2.0:taper=0 1 1.6 14.45 8.95 4.56 13.24 1.00 2.9 2.9  1.6 0.08 0.7141
SKA1X9-12A72B120 0 0 1100 -30 2.0-3.0arcsec 2 natural 0 2.4 10.00 4.14 9.80 9.03 1.09 4.4 4  18 0.05 2.3622
SKA1X9-12A54B90 0 0 650 -10 0.4-1.0arcsec 0 natural 0 1.7 14.45 8.66 2.48 17.97 1.07 3 2.9  2.2 0.03 0.8448
SKA1X9-12A80B133 0 0 800 -10 2.0-3.0arcsec 2 natural 0 2.3 12.50 5.33 9.26 9.29 1.07 4.3 4  17 0.01 2.3564
SKA1REF2 0 0 650 -10 3.0-4.0arcsec 3 robust=-2.0:taper=0 1 3 14.45 4.76 14.40 7.45 1.00 5.5 5.5  33 0.01 3.2618
SKA1X9-12A72B120 0 0 1100 -50 2.0-3.0arcsec 2 robust=-2.0:taper=0 1 2.4 10.00 4.14 11.12 8.48 1.09 4.4 4  16 0.00 2.2417
SKA1REF2 0 0 1100 -50 0.4-1.0arcsec 0 robust=-2.0:taper=0 1 1.7 10.00 6.02 4.56 13.24 1.00 3 3  0.83 0.04 0.5129
SKA1X9-12A80B133 0 0 800 -10 0.4-1.0arcsec 0 robust=-2.0:taper=0 1 1.4 12.50 8.97 3.34 15.48 0.80 2.5 3.2  1.1 0.05 0.5810
SKA1X9-12A60B100 0 0 650 -10 3.0-4.0arcsec 3 robust=-2.0:taper=1.0 2 3.2 14.45 4.57 15.71 7.14 1.05 5.8 5.5  33 0.00 3.2616
SKA1X9-12A54B90 0 0 1100 -10 3.0-4.0arcsec 3 natural 0 2.6 10.00 3.78 12.81 7.90 1.02 4.8 4.7  35 0.02 3.3423
SKA1X9-12A72B120 0 0 650 -10 3.0-4.0arcsec 3 robust=-2.0:taper=1.0 2 3.3 14.45 4.35 17.50 6.76 1.10 6.1 5.5  33 0.00 3.2620
SKA1X9-12A60B100 0 0 1100 -10 3.0-4.0arcsec 3 natural 0 2.7 10.00 3.65 12.83 7.90 1.05 5 4.7  35 0.01 3.3597
SKA1REF2 0 0 800 -30 3.0-4.0arcsec 3 natural 0 2.6 12.50 4.79 11.73 8.26 1.00 4.8 4.8  35 0.08 3.3419
SKA1REF2 0 0 800 -50 3.0-4.0arcsec 3 robust=-2.0:taper=0 1 2.6 12.50 4.83 11.22 8.44 1.00 4.7 4.7  33 0.01 3.2466
SKA1X9-12A80B133 0 0 800 -30 0.4-1.0arcsec 0 robust=-2.0:taper=1.0 2 1.4 12.50 9.03 3.16 15.90 0.87 2.5 2.9  2.5 0.02 0.8889
SKA1X9-12A54B90 0 0 1100 -30 2.0-3.0arcsec 2 robust=-2.0:taper=1.0 2 2.4 10.00 4.17 10.44 8.75 1.06 4.4 4.1  16 0.01 2.2534
SKA1X9-12A80B133 0 0 650 -50 10.0-60.0arcmin 4 natural 0 5.9 14.45 2.44 82.50 3.11 1.07 11 10  2e+06 0.02 794.3481
SKA1X9-12A60B100 0 0 650 -10 1.0-2.0arcsec 1 robust=-2.0:taper=0 1 1.4 14.45 10.27 4.14 13.90 0.65 2.6 3.9  4.3 0.04 1.1732
SKA1X9-12A72B120 0 0 1100 -10 1.0-2.0arcsec 1 natural 0 1.7 10.00 5.76 3.70 14.70 1.06 3.2 3  5.5 0.02 1.3251
SKA1X9-12A60B100 0 0 650 -10 10.0-60.0arcmin 4 robust=-2.0:taper=1.0 2 5.4 14.45 2.67 71.00 3.36 1.05 9.9 9.4  1.7e+06 0.00 735.4815
SKA1X9-12A72B120 0 0 1100 -50 0.4-1.0arcsec 0 natural 0 0.87 10.00 11.43 1.49 23.18 0.62 1.6 2.6  0.86 0.09 0.5243
SKA1REF2 0 0 1100 -30 2.0-3.0arcsec 2 robust=-2.0:taper=0 1 2.3 10.00 4.34 10.57 8.70 1.00 4.2 4.2  16 0.00 2.2389
SKA1X9-12A72B120 0 0 1100 -10 0.4-1.0arcsec 0 robust=-2.0:taper=1.0 2 1.5 10.00 6.51 3.18 15.85 0.91 2.8 3.1  2.4 0.01 0.8703
SKA1X9-12A60B100 0 0 650 -30 0.4-1.0arcsec 0 robust=-2.0:taper=0 1 1.6 14.45 9.24 4.08 14.00 0.95 2.8 3  2 0.10 0.7978
SKA1REF2 0 0 650 -30 10.0-60.0arcmin 4 natural 0 5.6 14.45 2.57 74.76 3.27 1.00 10 10  2e+06 0.02 797.2879
SKA1X9-12A72B120 0 0 650 -10 2.0-3.0arcsec 2 robust=-2.0:taper=1.0 2 2.9 14.45 4.94 14.17 7.51 1.06 5.3 5  16 0.01 2.2712
SKA1REF2 0 0 1100 -10 2.0-3.0arcsec 2 robust=-2.0:taper=1.0 2 2.5 10.00 4.02 12.33 8.06 1.00 4.5 4.5  16 0.00 2.2614
SKA1X9-12A54B90 0 0 650 -30 10.0-60.0arcmin 4 robust=-2.0:taper=1.0 2 5.7 14.45 2.52 80.26 3.16 1.05 10 9.9  1.7e+06 0.03 730.5751
SKA1REF2 0 0 1100 -10 1.0-2.0arcsec 1 natural 0 1.6 10.00 6.11 4.62 13.16 1.00 3 3  5.5 0.02 1.3265
SKA1X9-12A60B100 0 0 1100 -30 0.4-1.0arcsec 0 robust=-2.0:taper=1.0 2 1.4 10.00 7.30 2.63 17.44 0.86 2.5 2.9  2.4 0.01 0.8798
SKA1X9-12A60B100 0 0 650 -30 0.4-1.0arcsec 0 natural 0 1.2 14.45 12.35 1.80 21.10 0.77 2.1 2.8  2.2 0.19 0.8426
SKA1X9-12A80B133 0 0 1100 -30 2.0-3.0arcsec 2 robust=-2.0:taper=0 1 2.7 10.00 3.77 12.77 7.91 1.15 4.8 4.2  16 0.01 2.2327
SKA1X9-12A60B100 0 0 800 -30 1.0-2.0arcsec 1 robust=-2.0:taper=1.0 2 1.5 12.50 8.07 3.75 14.61 0.79 2.8 3.6  4.8 0.01 1.2350
SKA1X9-12A60B100 0 0 1100 -30 2.0-3.0arcsec 2 robust=-2.0:taper=0 1 2.4 10.00 4.08 11.30 8.42 1.06 4.5 4.2  16 0.00 2.2428
SKA1X9-12A54B90 0 0 650 -10 10.0-60.0arcmin 4 robust=-2.0:taper=0 1 5.5 14.45 2.65 71.58 3.34 1.06 9.9 9.4  1.7e+06 0.00 733.9275
SKA1REF2 0 0 1100 -10 10.0-60.0arcmin 4 robust=-2.0:taper=1.0 2 9.5 10.00 1.06 63.84 3.54 1.00 17 17  1.8e+06 0.05 761.4986
SKA1REF2 0 0 800 -50 10.0-60.0arcmin 4 robust=-2.0:taper=1.0 2 7 12.50 1.79 70.36 3.37 1.00 13 13  2e+06 0.03 788.8629
SKA1X9-12A80B133 0 0 800 -30 3.0-4.0arcsec 3 robust=-2.0:taper=1.0 2 3 12.50 4.22 15.42 7.20 1.13 5.4 4.8  33 0.01 3.2612
SKA1X9-12A80B133 0 0 1100 -30 2.0-3.0arcsec 2 natural 0 2.3 10.00 4.28 9.11 9.37 1.06 4.3 4  17 0.09 2.3448
SKA1X9-12A80B133 0 0 800 -50 1.0-2.0arcsec 1 robust=-2.0:taper=1.0 2 1.9 12.50 6.56 5.70 11.85 1.00 3.5 3.5  5.1 0.01 1.2701
SKA1X9-12A72B120 0 0 650 -50 2.0-3.0arcsec 2 robust=-2.0:taper=0 1 2.6 14.45 5.55 11.12 8.48 1.04 4.7 4.6  16 0.00 2.2458
SKA1REF2 0 0 800 -30 10.0-60.0arcmin 4 robust=-2.0:taper=1.0 2 7.1 12.50 1.75 71.79 3.34 1.00 13 13  2e+06 0.03 789.7635
SKA1X9-12A54B90 0 0 800 -50 2.0-3.0arcsec 2 robust=-2.0:taper=1.0 2 2.4 12.50 5.23 9.56 9.15 1.02 4.4 4.3  16 0.01 2.2524
SKA1X9-12A80B133 0 0 1100 -10 0.4-1.0arcsec 0 natural 0 0.9 10.00 11.12 1.49 23.14 0.64 1.6 2.6  0.81 0.07 0.5079
SKA1X9-12A60B100 0 0 1100 -10 0.4-1.0arcsec 0 robust=-2.0:taper=0 1 1.6 10.00 6.36 4.58 13.21 0.88 2.9 3.2  0.94 0.06 0.5467
SKA1REF2 0 0 650 -10 1.0-2.0arcsec 1 robust=-2.0:taper=0 1 2.2 14.45 6.69 8.42 9.75 1.00 3.9 3.9  4.7 0.01 1.2239
SKA1REF2 0 0 650 -10 2.0-3.0arcsec 2 robust=-2.0:taper=1.0 2 2.8 14.45 5.22 12.33 8.06 1.00 5 5  16 0.00 2.2710
SKA1X9-12A54B90 0 0 1100 -50 0.4-1.0arcsec 0 natural 0 0.9 10.00 11.09 2.23 18.94 0.64 1.6 2.6  1.3 0.09 0.6507
SKA1X9-12A54B90 0 0 1100 -50 0.4-1.0arcsec 0 robust=-2.0:taper=0 1 1.6 10.00 6.38 4.50 13.33 0.94 2.9 3  0.94 0.06 0.5485
SKA1X9-12A60B100 0 0 800 -10 3.0-4.0arcsec 3 robust=-2.0:taper=1.0 2 3 12.50 4.11 15.71 7.14 1.05 5.5 5.3  33 0.00 3.2625
SKA1X9-12A72B120 0 0 800 -50 0.4-1.0arcsec 0 robust=-2.0:taper=1.0 2 1.3 12.50 9.78 2.79 16.92 0.82 2.3 2.8  2.6 0.01 0.9072
SKA1X9-12A80B133 0 0 650 -10 0.4-1.0arcsec 0 natural 0 0.96 14.45 15.02 1.49 23.14 0.61 1.8 2.9  1.6 0.06 0.7135
SKA1X9-12A80B133 0 0 800 -50 10.0-60.0arcmin 4 robust=-2.0:taper=1.0 2 7.4 12.50 1.69 78.96 3.18 1.06 13 13  1.9e+06 0.05 785.1456
SKA1X9-12A60B100 0 0 650 -50 3.0-4.0arcsec 3 robust=-2.0:taper=1.0 2 2.8 14.45 5.17 12.78 7.91 1.07 5.1 4.8  33 0.01 3.2585
SKA1X9-12A60B100 0 0 800 -10 1.0-2.0arcsec 1 robust=-2.0:taper=1.0 2 1.6 12.50 7.81 4.24 13.74 0.77 2.9 3.8  4.9 0.01 1.2453
SKA1REF2 0 0 800 -50 0.4-1.0arcsec 0 robust=-2.0:taper=1.0 2 1.6 12.50 8.04 4.01 14.12 1.00 2.8 2.8  3 0.03 0.9719
SKA1X9-12A72B120 0 0 800 -50 3.0-4.0arcsec 3 robust=-2.0:taper=1.0 2 2.8 12.50 4.43 13.70 7.64 1.10 5.1 4.7  33 0.00 3.2584
SKA1X9-12A54B90 0 0 800 -50 0.4-1.0arcsec 0 robust=-2.0:taper=1.0 2 1.2 12.50 10.67 2.49 17.94 0.75 2.1 2.8  2.9 0.02 0.9672
SKA1X9-12A72B120 0 0 800 -10 3.0-4.0arcsec 3 robust=-2.0:taper=1.0 2 3.2 12.50 3.92 17.50 6.76 1.10 5.8 5.3  33 0.00 3.2619
SKA1X9-12A72B120 0 0 650 -30 0.4-1.0arcsec 0 natural 0 0.95 14.45 15.18 1.48 23.27 0.63 1.7 2.8  1.8 0.15 0.7632
SKA1X9-12A72B120 0 0 1100 -10 10.0-60.0arcmin 4 robust=-2.0:taper=0 1 10 10.00 0.99 69.52 3.39 1.07 18 17  1.8e+06 0.02 766.6839
SKA1X9-12A80B133 0 0 1100 -10 3.0-4.0arcsec 3 robust=-2.0:taper=1.0 2 3.2 10.00 3.15 18.89 6.51 1.21 5.8 4.8  34 0.00 3.2686
SKA1X9-12A54B90 0 0 650 -50 1.0-2.0arcsec 1 natural 0 0.96 14.45 15.13 2.17 19.20 0.58 1.7 3  4.5 0.07 1.2024
SKA1REF2 0 0 800 -30 0.4-1.0arcsec 0 robust=-2.0:taper=1.0 2 1.6 12.50 7.90 4.23 13.75 1.00 2.9 2.9  3 0.05 0.9723
SKA1X9-12A60B100 0 0 650 -50 0.4-1.0arcsec 0 natural 0 1.2 14.45 12.00 1.78 21.17 0.79 2.2 2.8  2.2 0.16 0.8439
SKA1REF2 0 0 800 -50 10.0-60.0arcmin 4 natural 0 7 12.50 1.79 72.71 3.32 1.00 13 13  2e+06 0.03 789.5732
SKA1X9-12A72B120 0 0 650 -30 10.0-60.0arcmin 4 robust=-2.0:taper=0 1 5.7 14.45 2.53 79.79 3.17 1.05 10 9.9  1.7e+06 0.03 728.4275
SKA1X9-12A54B90 0 0 1100 -50 1.0-2.0arcsec 1 robust=-2.0:taper=0 1 1.8 10.00 5.45 3.14 15.97 0.88 3.3 3.8  4.1 0.01 1.1486
SKA1REF2 0 0 800 -10 10.0-60.0arcmin 4 robust=-2.0:taper=1.0 2 6.6 12.50 1.88 63.84 3.54 1.00 12 12  2e+06 0.03 791.8472
SKA1X9-12A54B90 0 0 1100 -30 3.0-4.0arcsec 3 robust=-2.0:taper=0 1 2.6 10.00 3.81 13.33 7.75 1.06 4.8 4.5  33 0.00 3.2587
SKA1X9-12A60B100 0 0 1100 -30 3.0-4.0arcsec 3 robust=-2.0:taper=0 1 2.6 10.00 3.79 14.03 7.55 1.07 4.8 4.5  33 0.01 3.2509
SKA1X9-12A72B120 0 0 1100 -50 3.0-4.0arcsec 3 robust=-2.0:taper=0 1 2.7 10.00 3.76 13.84 7.60 1.12 4.9 4.3  33 0.01 3.2480
SKA1X9-12A60B100 0 0 1100 -50 1.0-2.0arcsec 1 robust=-2.0:taper=0 1 2 10.00 5.02 3.40 15.33 0.96 3.6 3.8  4.2 0.00 1.1576
SKA1X9-12A72B120 0 0 650 -50 0.4-1.0arcsec 0 natural 0 0.97 14.45 14.83 1.49 23.18 0.64 1.8 2.8  1.9 0.13 0.7695
SKA1REF2 0 0 800 -10 10.0-60.0arcmin 4 robust=-2.0:taper=0 1 6.6 12.50 1.88 63.84 3.54 1.00 12 12  2e+06 0.03 791.8471
SKA1X9-12A72B120 0 0 1100 -50 2.0-3.0arcsec 2 natural 0 2.4 10.00 4.16 9.60 9.13 1.10 4.4 4  17 0.05 2.3519
SKA1X9-12A72B120 0 0 650 -30 10.0-60.0arcmin 4 natural 0 5.9 14.45 2.46 82.66 3.11 1.05 11 10  1.9e+06 0.03 786.8944
SKA1X9-12A60B100 0 0 1100 -10 3.0-4.0arcsec 3 robust=-2.0:taper=0 1 2.8 10.00 3.61 15.85 7.11 1.05 5 4.8  33 0.00 3.2557
SKA1X9-12A80B133 0 0 800 -10 10.0-60.0arcmin 4 natural 0 7 12.50 1.79 72.99 3.31 1.06 13 12  2e+06 0.03 789.1932
SKA1X9-12A72B120 0 0 650 -50 10.0-60.0arcmin 4 robust=-2.0:taper=0 1 5.7 14.45 2.56 77.30 3.22 1.05 10 9.8  1.7e+06 0.00 734.7693
SKA1X9-12A60B100 0 0 800 -10 10.0-60.0arcmin 4 natural 0 7.1 12.50 1.77 73.84 3.29 1.06 13 12  2e+06 0.03 788.5547
SKA1X9-12A72B120 0 0 1100 -50 1.0-2.0arcsec 1 natural 0 1.7 10.00 5.71 4.18 13.83 1.07 3.2 3  5.6 0.04 1.3358
SKA1X9-12A54B90 0 0 1100 -50 10.0-60.0arcmin 4 robust=-2.0:taper=0 1 11 10.00 0.94 77.49 3.21 1.06 19 18  1.8e+06 0.06 760.8073
SKA1X9-12A54B90 0 0 1100 -10 10.0-60.0arcmin 4 robust=-2.0:taper=0 1 10 10.00 1.00 71.58 3.34 1.06 18 17  1.8e+06 0.02 767.3760
SKA1X9-12A60B100 0 0 1100 -10 10.0-60.0arcmin 4 robust=-2.0:taper=0 1 10 10.00 1.00 71.00 3.36 1.06 18 17  1.8e+06 0.02 765.5375
SKA1X9-12A60B100 0 0 1100 -30 1.0-2.0arcsec 1 natural 0 1.7 10.00 5.87 2.84 16.79 1.04 3.1 3  5.6 0.06 1.3351
SKA1X9-12A80B133 0 0 800 -50 0.4-1.0arcsec 0 natural 0 0.9 12.50 13.86 1.45 23.52 0.64 1.6 2.6  1.2 0.09 0.6139
SKA1REF2 0 0 800 -50 3.0-4.0arcsec 3 robust=-2.0:taper=1.0 2 2.6 12.50 4.85 11.11 8.49 1.00 4.7 4.7  33 0.01 3.2552
SKA1X9-12A54B90 0 0 1100 -30 0.4-1.0arcsec 0 robust=-2.0:taper=1.0 2 1.3 10.00 7.89 2.59 17.59 0.80 2.3 2.9  2.5 0.02 0.8893
SKA1REF2 0 0 800 -10 2.0-3.0arcsec 2 robust=-2.0:taper=0 1 2.7 12.50 4.56 12.69 7.94 1.00 5 5  16 0.01 2.2440
SKA1X9-12A80B133 0 0 650 -30 10.0-60.0arcmin 4 robust=-2.0:taper=1.0 2 5.7 14.45 2.52 79.97 3.16 1.05 10 9.9  1.7e+06 0.03 730.1020
SKA1X9-12A80B133 0 0 650 -50 1.0-2.0arcsec 1 robust=-2.0:taper=0 1 1.7 14.45 8.55 6.06 11.49 0.85 3.1 3.6  4.1 0.01 1.1374
SKA1X9-12A54B90 0 0 650 -30 2.0-3.0arcsec 2 robust=-2.0:taper=1.0 2 2.5 14.45 5.82 10.44 8.75 0.98 4.5 4.6  16 0.01 2.2519
SKA1X9-12A80B133 0 0 1100 -10 2.0-3.0arcsec 2 robust=-2.0:taper=0 1 2.9 10.00 3.50 15.13 7.27 1.13 5.2 4.6  16 0.00 2.2363
SKA1X9-12A60B100 0 0 800 -30 1.0-2.0arcsec 1 natural 0 1.5 12.50 8.46 2.84 16.79 0.90 2.7 3  5 0.09 1.2612
SKA1X9-12A72B120 0 0 800 -30 0.4-1.0arcsec 0 natural 0 0.93 12.50 13.47 1.48 23.27 0.66 1.7 2.6  1.4 0.12 0.6597
SKA1X9-12A60B100 0 0 650 -10 10.0-60.0arcmin 4 robust=-2.0:taper=0 1 5.4 14.45 2.67 71.00 3.36 1.05 9.9 9.4  1.7e+06 0.00 735.4813
SKA1X9-12A72B120 0 0 650 -30 3.0-4.0arcsec 3 robust=-2.0:taper=1.0 2 3.1 14.45 4.71 15.36 7.22 1.13 5.6 5  33 0.01 3.2589
SKA1X9-12A80B133 0 0 800 -50 3.0-4.0arcsec 3 robust=-2.0:taper=0 1 2.8 12.50 4.46 14.06 7.54 1.08 5.1 4.7  33 0.00 3.2522
SKA1X9-12A60B100 0 0 800 -30 2.0-3.0arcsec 2 robust=-2.0:taper=0 1 2.6 12.50 4.83 11.30 8.42 1.04 4.7 4.5  16 0.01 2.2378
SKA1REF2 0 0 1100 -10 1.0-2.0arcsec 1 robust=-2.0:taper=0 1 2.3 10.00 4.31 8.42 9.75 1.00 4.2 4.2  4.4 0.00 1.1897
SKA1X9-12A72B120 0 0 650 -50 3.0-4.0arcsec 3 robust=-2.0:taper=1.0 2 2.9 14.45 4.95 13.70 7.64 1.12 5.3 4.8  33 0.01 3.2600
SKA1REF2 0 0 800 -30 2.0-3.0arcsec 2 robust=-2.0:taper=0 1 2.5 12.50 5.03 10.57 8.70 1.00 4.5 4.5  16 0.00 2.2427
SKA1REF2 0 0 650 -10 0.4-1.0arcsec 0 natural 0 1.6 14.45 9.23 3.74 14.63 1.00 2.9 2.9  1.3 0.05 0.6531
SKA1X9-12A80B133 0 0 650 -30 10.0-60.0arcmin 4 natural 0 5.9 14.45 2.45 82.82 3.11 1.05 11 10  2e+06 0.04 788.8076
SKA1X9-12A54B90 0 0 650 -30 10.0-60.0arcmin 4 robust=-2.0:taper=0 1 5.7 14.45 2.52 80.26 3.16 1.05 10 9.9  1.7e+06 0.03 730.5749
SKA1X9-12A80B133 0 0 800 -10 3.0-4.0arcsec 3 robust=-2.0:taper=1.0 2 3.3 12.50 3.79 18.89 6.51 1.14 6 5.3  33 0.00 3.2637
SKA1REF2 0 0 650 -30 1.0-2.0arcsec 1 robust=-2.0:taper=0 1 2 14.45 7.07 7.50 10.33 1.00 3.7 3.7  4.6 0.04 1.2071
SKA1X9-12A54B90 0 0 1100 -10 1.0-2.0arcsec 1 robust=-2.0:taper=1.0 2 1.8 10.00 5.54 3.88 14.36 0.85 3.3 3.9  5 0.01 1.2569
SKA1X9-12A60B100 0 0 800 -10 2.0-3.0arcsec 2 robust=-2.0:taper=0 1 2.8 12.50 4.47 12.68 7.94 1.02 5.1 5  16 0.01 2.2409
SKA1X9-12A54B90 0 0 650 -10 2.0-3.0arcsec 2 robust=-2.0:taper=1.0 2 2.5 14.45 5.81 11.36 8.39 0.90 4.5 5  16 0.01 2.2522
SKA1X9-12A72B120 0 0 800 -10 2.0-3.0arcsec 2 natural 0 2.4 12.50 5.24 9.47 9.19 1.09 4.3 4  17 0.01 2.3537
SKA1X9-12A60B100 0 0 650 -30 10.0-60.0arcmin 4 robust=-2.0:taper=1.0 2 5.8 14.45 2.48 81.40 3.13 1.07 11 9.9  1.7e+06 0.04 728.6660
SKA1REF2 0 0 1100 -50 10.0-60.0arcmin 4 robust=-2.0:taper=0 1 10 10.00 1.00 70.36 3.37 1.00 18 18  1.8e+06 0.08 762.0447
SKA1REF2 0 0 650 -10 3.0-4.0arcsec 3 robust=-2.0:taper=1.0 2 3 14.45 4.78 14.27 7.49 1.00 5.5 5.5  34 0.01 3.2698
SKA1X9-12A80B133 0 0 1100 -10 0.4-1.0arcsec 0 robust=-2.0:taper=0 1 1.3 10.00 7.46 3.34 15.48 0.75 2.4 3.2  0.81 0.03 0.5071
SKA1X9-12A80B133 0 0 800 -10 1.0-2.0arcsec 1 robust=-2.0:taper=0 1 2 12.50 6.15 6.25 11.31 0.92 3.7 4  4.2 0.01 1.1575
SKA1X9-12A72B120 0 0 1100 -30 10.0-60.0arcmin 4 natural 0 11 10.00 0.94 82.66 3.11 1.06 19 18  1.8e+06 0.03 761.0930
SKA1X9-12A54B90 0 0 650 -50 0.4-1.0arcsec 0 robust=-2.0:taper=0 1 1.6 14.45 8.89 4.50 13.33 1.01 3 2.9  2.4 0.07 0.8760
SKA1X9-12A72B120 0 0 650 -10 3.0-4.0arcsec 3 robust=-2.0:taper=0 1 3.3 14.45 4.33 17.64 6.73 1.10 6.1 5.5  33 0.00 3.2539
SKA1X9-12A54B90 0 0 800 -30 0.4-1.0arcsec 0 robust=-2.0:taper=0 1 1.6 12.50 7.60 4.64 13.13 1.00 3 3  1.6 0.10 0.7076
SKA1REF2 0 0 1100 -50 2.0-3.0arcsec 2 natural 0 2.2 10.00 4.56 8.10 9.94 1.00 4 4  17 0.06 2.3404
SKA1X9-12A54B90 0 0 650 -10 1.0-2.0arcsec 1 robust=-2.0:taper=0 1 1.5 14.45 9.66 4.05 14.06 0.69 2.7 3.9  4.6 0.03 1.2096
SKA1X9-12A54B90 0 0 800 -10 2.0-3.0arcsec 2 natural 0 2.2 12.50 5.63 8.31 9.81 1.01 4 4  17 0.01 2.3382
SKA1X9-12A60B100 0 0 1100 -10 0.4-1.0arcsec 0 robust=-2.0:taper=1.0 2 1.4 10.00 7.06 2.99 16.37 0.84 2.6 3.1  2.5 0.02 0.8833
SKA1X9-12A80B133 0 0 650 -50 0.4-1.0arcsec 0 robust=-2.0:taper=0 1 1.3 14.45 10.83 2.87 16.69 0.83 2.4 2.9  1.4 0.07 0.6566
SKA1X9-12A54B90 0 0 1100 -50 1.0-2.0arcsec 1 natural 0 1.7 10.00 5.93 2.17 19.20 1.04 3.1 3  5.4 0.01 1.3134
SKA1X9-12A60B100 0 0 800 -10 1.0-2.0arcsec 1 natural 0 1.4 12.50 9.18 2.57 17.63 0.84 2.5 3  4.9 0.06 1.2457
SKA1X9-12A80B133 0 0 800 -10 2.0-3.0arcsec 2 robust=-2.0:taper=0 1 3 12.50 4.21 15.13 7.27 1.08 5.4 5  16 0.02 2.2449
SKA1X9-12A54B90 0 0 1100 -50 0.4-1.0arcsec 0 robust=-2.0:taper=1.0 2 1.2 10.00 8.20 2.49 17.94 0.80 2.2 2.8  2.5 0.01 0.8886
SKA1X9-12A60B100 0 0 800 -30 0.4-1.0arcsec 0 robust=-2.0:taper=1.0 2 1.2 12.50 10.25 2.63 17.44 0.77 2.2 2.9  2.8 0.03 0.9395
SKA1X9-12A60B100 0 0 650 -30 1.0-2.0arcsec 1 natural 0 1.1 14.45 13.26 2.84 16.79 0.67 2 3  4.4 0.02 1.1771
SKA1X9-12A80B133 0 0 800 -50 10.0-60.0arcmin 4 robust=-2.0:taper=0 1 7.4 12.50 1.69 78.96 3.18 1.06 13 13  1.9e+06 0.05 785.1455
SKA1X9-12A72B120 0 0 800 -30 0.4-1.0arcsec 0 robust=-2.0:taper=1.0 2 1.3 12.50 9.55 2.94 16.48 0.83 2.4 2.9  2.6 0.03 0.9052
SKA1X9-12A54B90 0 0 650 -30 1.0-2.0arcsec 1 robust=-2.0:taper=0 1 1.3 14.45 11.24 3.24 15.72 0.63 2.3 3.7  4.4 0.03 1.1885
SKA1X9-12A60B100 0 0 800 -50 3.0-4.0arcsec 3 natural 0 2.7 12.50 4.55 13.01 7.84 1.07 5 4.7  35 0.09 3.3401
SKA1X9-12A72B120 0 0 1100 -10 3.0-4.0arcsec 3 natural 0 2.8 10.00 3.56 13.15 7.80 1.08 5.1 4.7  35 0.02 3.3537
SKA1X9-12A80B133 0 0 650 -10 0.4-1.0arcsec 0 robust=-2.0:taper=1.0 2 1.3 14.45 11.00 3.37 15.41 0.78 2.4 3.1  2.8 0.03 0.9491
SKA1X9-12A80B133 0 0 1100 -50 0.4-1.0arcsec 0 robust=-2.0:taper=1.0 2 1.5 10.00 6.59 3.07 16.15 0.99 2.8 2.8  2.4 0.00 0.8732
SKA1X9-12A72B120 0 0 1100 -30 3.0-4.0arcsec 3 robust=-2.0:taper=1.0 2 2.8 10.00 3.55 15.36 7.22 1.15 5.1 4.5  33 0.01 3.2572
SKA1X9-12A72B120 0 0 650 -10 0.4-1.0arcsec 0 robust=-2.0:taper=0 1 1.5 14.45 9.53 3.74 14.63 0.85 2.8 3.2  1.6 0.07 0.7182
SKA1REF2 0 0 650 -50 10.0-60.0arcmin 4 robust=-2.0:taper=0 1 5.4 14.45 2.68 70.36 3.37 1.00 9.8 9.8  1.7e+06 0.02 743.3063
SKA1REF2 0 0 650 -30 10.0-60.0arcmin 4 robust=-2.0:taper=1.0 2 5.4 14.45 2.66 71.79 3.34 1.00 9.9 9.9  1.7e+06 0.05 737.5225
SKA1X9-12A60B100 0 0 650 -50 2.0-3.0arcsec 2 robust=-2.0:taper=0 1 2.5 14.45 5.82 10.17 8.87 0.99 4.5 4.6  16 0.00 2.2421
SKA1X9-12A54B90 0 0 650 -30 1.0-2.0arcsec 1 natural 0 0.98 14.45 14.82 2.26 18.82 0.60 1.8 3  4.5 0.08 1.1992
SKA1X9-12A72B120 0 0 1100 -50 1.0-2.0arcsec 1 robust=-2.0:taper=0 1 2.2 10.00 4.59 4.84 12.85 1.05 4 3.8  4.3 0.01 1.1694
SKA1REF2 0 0 650 -10 10.0-60.0arcmin 4 natural 0 5.3 14.45 2.74 65.67 3.49 1.00 9.6 9.6  2e+06 0.00 803.0840
SKA1REF2 0 0 1100 -50 0.4-1.0arcsec 0 natural 0 1.4 10.00 7.09 3.66 14.79 1.00 2.6 2.6  1.1 0.06 0.5829
SKA1REF2 0 0 650 -30 3.0-4.0arcsec 3 robust=-2.0:taper=0 1 2.7 14.45 5.29 11.95 8.18 1.00 5 5  33 0.01 3.2555
SKA1X9-12A80B133 0 0 650 -30 0.4-1.0arcsec 0 robust=-2.0:taper=1.0 2 1.3 14.45 11.38 3.16 15.90 0.82 2.3 2.8  2.8 0.04 0.9361
SKA1X9-12A60B100 0 0 1100 -30 2.0-3.0arcsec 2 robust=-2.0:taper=1.0 2 2.4 10.00 4.15 10.98 8.54 1.07 4.4 4.1  16 0.00 2.2656
SKA1REF2 0 0 650 -50 2.0-3.0arcsec 2 robust=-2.0:taper=0 1 2.5 14.45 5.79 9.81 9.03 1.00 4.6 4.6  16 0.01 2.2379
SKA1X9-12A80B133 0 0 650 -50 2.0-3.0arcsec 2 robust=-2.0:taper=1.0 2 2.6 14.45 5.47 11.37 8.39 1.07 4.8 4.5  16 0.00 2.2604
SKA1REF2 0 0 800 -10 2.0-3.0arcsec 2 natural 0 2.2 12.50 5.72 8.16 9.90 1.00 4 4  17 0.02 2.3504
SKA1X9-12A54B90 0 0 800 -30 10.0-60.0arcmin 4 robust=-2.0:taper=0 1 7.5 12.50 1.66 80.26 3.16 1.06 14 13  2e+06 0.03 790.6770
SKA1X9-12A72B120 0 0 800 -30 3.0-4.0arcsec 3 natural 0 2.7 12.50 4.57 13.37 7.74 1.05 5 4.8  35 0.09 3.3348
SKA1X9-12A60B100 0 0 650 -50 10.0-60.0arcmin 4 robust=-2.0:taper=1.0 2 5.7 14.45 2.55 78.12 3.20 1.05 10 9.8  1.7e+06 0.01 737.3103
SKA1X9-12A72B120 0 0 800 -50 1.0-2.0arcsec 1 robust=-2.0:taper=1.0 2 1.8 12.50 6.92 4.87 12.82 0.95 3.3 3.5  5 0.01 1.2611
SKA1X9-12A80B133 0 0 650 -10 0.4-1.0arcsec 0 robust=-2.0:taper=0 1 1.4 14.45 10.17 3.34 15.48 0.80 2.6 3.2  1.4 0.06 0.6621
SKA1X9-12A80B133 0 0 1100 -50 1.0-2.0arcsec 1 natural 0 1.8 10.00 5.69 4.64 13.13 1.08 3.2 3  5.5 0.04 1.3183
SKA1X9-12A54B90 0 0 1100 -10 2.0-3.0arcsec 2 robust=-2.0:taper=0 1 2.6 10.00 3.80 11.57 8.32 1.04 4.8 4.6  16 0.00 2.2393
SKA1X9-12A72B120 0 0 1100 -50 10.0-60.0arcmin 4 natural 0 11 10.00 0.95 80.56 3.15 1.06 19 18  1.8e+06 0.06 760.4188
SKA1X9-12A60B100 0 0 800 -10 10.0-60.0arcmin 4 robust=-2.0:taper=1.0 2 7.1 12.50 1.77 71.00 3.36 1.06 13 12  2e+06 0.03 788.4829
SKA1X9-12A54B90 0 0 1100 -10 10.0-60.0arcmin 4 natural 0 10 10.00 1.00 74.62 3.27 1.06 18 17  1.9e+06 0.02 767.9110
SKA1REF2 0 0 1100 -50 3.0-4.0arcsec 3 robust=-2.0:taper=0 1 2.4 10.00 4.20 11.22 8.44 1.00 4.3 4.3  33 0.00 3.2513
SKA1REF2 0 0 800 -50 2.0-3.0arcsec 2 robust=-2.0:taper=1.0 2 2.3 12.50 5.34 9.50 9.18 1.00 4.3 4.3  16 0.00 2.2601
SKA1REF2 0 0 650 -50 1.0-2.0arcsec 1 robust=-2.0:taper=1.0 2 1.9 14.45 7.76 6.07 11.48 1.00 3.4 3.4  5.4 0.02 1.3087
SKA1REF2 0 0 650 -10 10.0-60.0arcmin 4 robust=-2.0:taper=1.0 2 5.2 14.45 2.80 63.84 3.54 1.00 9.4 9.4  1.7e+06 0.01 745.2288
SKA1X9-12A60B100 0 0 1100 -10 3.0-4.0arcsec 3 robust=-2.0:taper=1.0 2 2.8 10.00 3.63 15.71 7.14 1.05 5 4.8  33 0.00 3.2642
SKA1X9-12A80B133 0 0 800 -10 10.0-60.0arcmin 4 robust=-2.0:taper=1.0 2 7 12.50 1.79 70.55 3.37 1.05 13 12  2e+06 0.03 789.1241
SKA1X9-12A80B133 0 0 650 -30 2.0-3.0arcsec 2 robust=-2.0:taper=1.0 2 2.7 14.45 5.30 12.40 8.03 1.08 5 4.6  16 0.01 2.2660
SKA1X9-12A54B90 0 0 1100 -10 2.0-3.0arcsec 2 natural 0 2.4 10.00 4.25 8.31 9.81 1.06 4.3 4  17 0.05 2.3364
SKA1X9-12A72B120 0 0 800 -50 1.0-2.0arcsec 1 natural 0 1.7 12.50 7.50 4.18 13.83 1.03 3 2.9  5.4 0.01 1.3098
SKA1X9-12A80B133 0 0 1100 -30 1.0-2.0arcsec 1 robust=-2.0:taper=1.0 2 2.1 10.00 4.79 5.99 11.55 1.07 3.8 3.5  5.1 0.01 1.2726
SKA1X9-12A80B133 0 0 1100 -50 10.0-60.0arcmin 4 natural 0 11 10.00 0.94 82.50 3.11 1.07 19 18  1.8e+06 0.05 762.9804
SKA1X9-12A72B120 0 0 800 -30 3.0-4.0arcsec 3 robust=-2.0:taper=1.0 2 3 12.50 4.16 15.36 7.22 1.15 5.5 4.8  33 0.00 3.2621
SKA1X9-12A54B90 0 0 800 -30 3.0-4.0arcsec 3 robust=-2.0:taper=0 1 2.8 12.50 4.50 13.33 7.75 1.05 5.1 4.8  33 0.00 3.2568
SKA1X9-12A72B120 0 0 800 -50 3.0-4.0arcsec 3 robust=-2.0:taper=0 1 2.8 12.50 4.41 13.84 7.60 1.10 5.2 4.7  33 0.00 3.2498
SKA1REF2 0 0 800 -10 3.0-4.0arcsec 3 natural 0 2.6 12.50 4.82 11.41 8.37 1.00 4.7 4.7  35 0.06 3.3418
SKA1X9-12A60B100 0 0 800 -30 3.0-4.0arcsec 3 robust=-2.0:taper=0 1 2.9 12.50 4.31 14.03 7.55 1.10 5.3 4.8  33 0.00 3.2550
SKA1X9-12A72B120 0 0 1100 -10 10.0-60.0arcmin 4 robust=-2.0:taper=1.0 2 10 10.00 0.99 69.52 3.39 1.07 18 17  1.8e+06 0.02 766.6840
SKA1X9-12A80B133 0 0 800 -50 2.0-3.0arcsec 2 robust=-2.0:taper=1.0 2 2.5 12.50 4.91 11.37 8.39 1.09 4.6 4.3  16 0.00 2.2600
SKA1X9-12A72B120 0 0 650 -30 0.4-1.0arcsec 0 robust=-2.0:taper=1.0 2 1.2 14.45 11.69 2.94 16.48 0.80 2.3 2.8  2.9 0.04 0.9629
SKA1X9-12A80B133 0 0 650 -10 3.0-4.0arcsec 3 natural 0 2.9 14.45 5.07 14.25 7.49 1.12 5.2 4.7  35 0.08 3.3383
SKA1X9-12A60B100 0 0 800 -10 0.4-1.0arcsec 0 robust=-2.0:taper=1.0 2 1.3 12.50 9.68 2.99 16.37 0.76 2.4 3.1  2.8 0.04 0.9466
SKA1X9-12A80B133 0 0 800 -50 3.0-4.0arcsec 3 robust=-2.0:taper=1.0 2 2.8 12.50 4.47 13.95 7.57 1.09 5.1 4.7  33 0.00 3.2607
SKA1REF2 0 0 650 -10 1.0-2.0arcsec 1 natural 0 1.6 14.45 8.77 4.62 13.16 1.00 3 3  5.6 0.02 1.3304
SKA1REF2 0 0 1100 -30 0.4-1.0arcsec 0 robust=-2.0:taper=0 1 1.7 10.00 5.87 4.74 12.99 1.00 3.1 3.1  0.83 0.07 0.5148
SKA1REF2 0 0 1100 -30 2.0-3.0arcsec 2 natural 0 2.2 10.00 4.53 8.22 9.86 1.00 4 4  17 0.06 2.3519
SKA1X9-12A60B100 0 0 1100 -30 3.0-4.0arcsec 3 robust=-2.0:taper=1.0 2 2.6 10.00 3.81 13.88 7.59 1.07 4.8 4.5  33 0.01 3.2597
SKA1REF2 0 0 800 -30 1.0-2.0arcsec 1 robust=-2.0:taper=0 1 2.1 12.50 5.91 7.50 10.33 1.00 3.9 3.9  4.5 0.03 1.1926
SKA1X9-12A54B90 0 0 800 -30 1.0-2.0arcsec 1 robust=-2.0:taper=1.0 2 1.4 12.50 9.06 3.27 15.63 0.71 2.5 3.6  4.8 0.01 1.2374
SKA1REF2 0 0 650 -50 10.0-60.0arcmin 4 natural 0 5.5 14.45 2.60 72.71 3.32 1.00 10 10  2e+06 0.02 799.8339
SKA1X9-12A54B90 0 0 800 -10 10.0-60.0arcmin 4 robust=-2.0:taper=1.0 2 7 12.50 1.78 71.58 3.34 1.06 13 12  2e+06 0.03 789.8740
SKA1X9-12A60B100 0 0 650 -30 2.0-3.0arcsec 2 robust=-2.0:taper=1.0 2 2.6 14.45 5.62 10.98 8.54 1.01 4.7 4.6  16 0.00 2.2660
SKA1X9-12A72B120 0 0 650 -50 1.0-2.0arcsec 1 natural 0 1.4 14.45 10.12 4.18 13.83 0.87 2.6 3  4.9 0.14 1.2583
SKA1X9-12A60B100 0 0 800 -50 2.0-3.0arcsec 2 natural 0 2.3 12.50 5.35 9.16 9.35 1.06 4.3 4  17 0.04 2.3467
SKA1REF2 0 0 1100 -10 10.0-60.0arcmin 4 natural 0 9.4 10.00 1.06 65.67 3.49 1.00 17 17  1.8e+06 0.05 763.6089
SKA1X9-12A60B100 0 0 800 -50 0.4-1.0arcsec 0 natural 0 0.94 12.50 13.30 1.78 21.17 0.67 1.7 2.6  1.8 0.12 0.7542
SKA1X9-12A80B133 0 0 1100 -30 0.4-1.0arcsec 0 robust=-2.0:taper=0 1 1.2 10.00 8.08 2.93 16.53 0.73 2.3 3.1  0.76 0.06 0.4922
SKA1X9-12A72B120 0 0 800 -10 2.0-3.0arcsec 2 robust=-2.0:taper=1.0 2 2.9 12.50 4.31 14.17 7.51 1.08 5.3 4.9  16 0.01 2.2654
SKA1REF2 0 0 1100 -50 2.0-3.0arcsec 2 robust=-2.0:taper=0 1 2.2 10.00 4.53 9.81 9.03 1.00 4 4  16 0.00 2.2368
SKA1X9-12A60B100 0 0 1100 -50 0.4-1.0arcsec 0 robust=-2.0:taper=1.0 2 1.3 10.00 7.66 2.56 17.66 0.85 2.4 2.8  2.4 0.00 0.8794
SKA1REF2 0 0 800 -30 1.0-2.0arcsec 1 natural 0 1.6 12.50 7.65 4.59 13.20 1.00 3 3  5.5 0.08 1.3297
SKA1X9-12A72B120 0 0 650 -50 3.0-4.0arcsec 3 natural 0 2.8 14.45 5.17 13.55 7.68 1.08 5.1 4.7  35 0.03 3.3550
SKA1X9-12A54B90 0 0 1100 -30 10.0-60.0arcmin 4 robust=-2.0:taper=0 1 11 10.00 0.92 80.26 3.16 1.07 20 18  1.8e+06 0.04 760.8503
SKA1X9-12A54B90 0 0 1100 -50 3.0-4.0arcsec 3 natural 0 2.6 10.00 3.78 13.01 7.84 1.02 4.8 4.7  35 0.04 3.3515
SKA1X9-12A54B90 0 0 650 -50 3.0-4.0arcsec 3 natural 0 2.7 14.45 5.28 13.01 7.84 1.05 5 4.7  35 0.05 3.3261
SKA1X9-12A54B90 0 0 650 -10 3.0-4.0arcsec 3 robust=-2.0:taper=0 1 3.2 14.45 4.50 16.31 7.00 1.06 5.9 5.5  33 0.00 3.2569
SKA1X9-12A54B90 0 0 800 -10 3.0-4.0arcsec 3 natural 0 2.9 12.50 4.36 12.81 7.90 1.10 5.2 4.7  35 0.08 3.3339
SKA1X9-12A54B90 0 0 650 -50 3.0-4.0arcsec 3 robust=-2.0:taper=0 1 2.7 14.45 5.26 12.44 8.02 1.05 5 4.8  33 0.00 3.2543
SKA1X9-12A80B133 0 0 650 -50 0.4-1.0arcsec 0 robust=-2.0:taper=1.0 2 1.3 14.45 11.43 3.07 16.15 0.84 2.3 2.7  2.8 0.02 0.9404
SKA1X9-12A72B120 0 0 650 -50 1.0-2.0arcsec 1 robust=-2.0:taper=1.0 2 1.5 14.45 9.55 4.87 12.82 0.81 2.8 3.4  4.8 0.01 1.2362
SKA1REF2 0 0 800 -10 2.0-3.0arcsec 2 robust=-2.0:taper=1.0 2 2.7 12.50 4.63 12.33 8.06 1.00 4.9 4.9  16 0.01 2.2659
SKA1X9-12A54B90 0 0 650 -50 0.4-1.0arcsec 0 natural 0 1.5 14.45 9.50 2.23 18.94 1.00 2.8 2.8  2.3 0.16 0.8591
SKA1X9-12A54B90 0 0 800 -10 10.0-60.0arcmin 4 natural 0 7 12.50 1.78 74.62 3.27 1.06 13 12  2e+06 0.03 789.8904
SKA1X9-12A60B100 0 0 1100 -50 2.0-3.0arcsec 2 robust=-2.0:taper=0 1 2.3 10.00 4.32 10.17 8.87 1.05 4.2 4  16 0.00 2.2422
SKA1X9-12A54B90 0 0 650 -30 3.0-4.0arcsec 3 robust=-2.0:taper=0 1 2.9 14.45 5.02 13.33 7.75 1.05 5.2 5  33 0.00 3.2527
SKA1X9-12A54B90 0 0 650 -30 1.0-2.0arcsec 1 robust=-2.0:taper=1.0 2 1.3 14.45 11.45 3.27 15.63 0.66 2.3 3.5  5.1 0.02 1.2779
SKA1X9-12A60B100 0 0 800 -30 2.0-3.0arcsec 2 robust=-2.0:taper=1.0 2 2.5 12.50 4.90 10.98 8.54 1.04 4.6 4.5  16 0.01 2.2604
SKA1X9-12A60B100 0 0 1100 -30 10.0-60.0arcmin 4 robust=-2.0:taper=1.0 2 11 10.00 0.94 81.40 3.13 1.06 19 18  1.8e+06 0.03 759.6323
SKA1REF2 0 0 800 -50 1.0-2.0arcsec 1 natural 0 1.6 12.50 7.73 4.57 13.23 1.00 2.9 2.9  5.5 0.07 1.3273
SKA1REF2 0 0 800 -30 3.0-4.0arcsec 3 robust=-2.0:taper=0 1 2.6 12.50 4.74 11.95 8.18 1.00 4.8 4.8  33 0.01 3.2448
SKA1X9-12A54B90 0 0 1100 -30 1.0-2.0arcsec 1 robust=-2.0:taper=1.0 2 1.8 10.00 5.60 3.27 15.63 0.92 3.3 3.5  5 0.01 1.2558
SKA1X9-12A80B133 0 0 650 -10 10.0-60.0arcmin 4 natural 0 5.6 14.45 2.60 72.99 3.31 1.05 10 9.6  2e+06 0.02 794.5640
SKA1X9-12A54B90 0 0 650 -30 3.0-4.0arcsec 3 natural 0 2.8 14.45 5.15 13.59 7.67 1.07 5.1 4.8  35 0.05 3.3239
SKA1X9-12A60B100 0 0 650 -10 10.0-60.0arcmin 4 natural 0 5.6 14.45 2.59 73.84 3.29 1.06 10 9.6  2e+06 0.01 796.3150
SKA1REF2 0 0 650 -30 1.0-2.0arcsec 1 robust=-2.0:taper=1.0 2 1.9 14.45 7.53 6.45 11.14 1.00 3.5 3.5  5.4 0.04 1.3100
SKA1X9-12A72B120 0 0 800 -10 10.0-60.0arcmin 4 robust=-2.0:taper=0 1 6.9 12.50 1.80 69.52 3.39 1.04 13 12  1.9e+06 0.03 786.9954
SKA1X9-12A72B120 0 0 650 -30 3.0-4.0arcsec 3 robust=-2.0:taper=0 1 3.1 14.45 4.69 15.51 7.18 1.13 5.6 5  33 0.01 3.2505
SKA1X9-12A54B90 0 0 1100 -10 10.0-60.0arcmin 4 robust=-2.0:taper=1.0 2 10 10.00 1.00 71.58 3.34 1.06 18 17  1.8e+06 0.02 767.3761
SKA1REF2 0 0 650 -50 3.0-4.0arcsec 3 natural 0 2.6 14.45 5.57 11.48 8.35 1.00 4.7 4.7  35 0.02 3.3492
SKA1REF2 0 0 650 -50 2.0-3.0arcsec 2 robust=-2.0:taper=1.0 2 2.5 14.45 5.87 9.50 9.18 1.00 4.5 4.5  16 0.01 2.2605
SKA1X9-12A60B100 0 0 650 -30 10.0-60.0arcmin 4 robust=-2.0:taper=0 1 5.8 14.45 2.48 81.40 3.13 1.07 11 9.9  1.7e+06 0.04 728.6657
SKA1REF2 0 0 1100 -50 1.0-2.0arcsec 1 robust=-2.0:taper=1.0 2 1.9 10.00 5.35 6.07 11.48 1.00 3.4 3.4  5.1 0.01 1.2747
SKA1X9-12A80B133 0 0 1100 -50 10.0-60.0arcmin 4 robust=-2.0:taper=1.0 2 11 10.00 0.94 78.96 3.18 1.07 19 18  1.8e+06 0.06 762.4834
SKA1X9-12A60B100 0 0 1100 -10 0.4-1.0arcsec 0 natural 0 0.91 10.00 10.95 1.93 20.38 0.65 1.7 2.6  1.2 0.05 0.6088
SKA1X9-12A54B90 0 0 650 -50 3.0-4.0arcsec 3 robust=-2.0:taper=1.0 2 2.7 14.45 5.28 12.32 8.06 1.05 5 4.8  33 0.00 3.2627
SKA1X9-12A80B133 0 0 650 -30 3.0-4.0arcsec 3 robust=-2.0:taper=0 1 3.1 14.45 4.69 15.53 7.18 1.13 5.6 5  33 0.00 3.2558
SKA1X9-12A80B133 0 0 650 -30 1.0-2.0arcsec 1 natural 0 1.5 14.45 9.43 4.56 13.24 0.94 2.8 3  5.2 0.03 1.2869
SKA1X9-12A80B133 0 0 1100 -50 3.0-4.0arcsec 3 robust=-2.0:taper=1.0 2 2.8 10.00 3.53 13.95 7.57 1.20 5.2 4.3  34 0.00 3.2673
SKA1X9-12A80B133 0 0 1100 -30 3.0-4.0arcsec 3 robust=-2.0:taper=1.0 2 2.9 10.00 3.45 15.42 7.20 1.18 5.3 4.5  34 0.00 3.2665
SKA1X9-12A72B120 0 0 800 -30 10.0-60.0arcmin 4 robust=-2.0:taper=0 1 7.5 12.50 1.66 79.79 3.17 1.06 14 13  1.9e+06 0.02 787.7216
SKA1X9-12A54B90 0 0 650 -10 1.0-2.0arcsec 1 robust=-2.0:taper=1.0 2 1.4 14.45 10.16 3.88 14.36 0.70 2.6 3.7  5.3 0.03 1.2976
SKA1X9-12A80B133 0 0 1100 -50 3.0-4.0arcsec 3 natural 0 2.9 10.00 3.40 14.82 7.35 1.14 5.4 4.7  35 0.01 3.3318
SKA1X9-12A72B120 0 0 1100 -30 2.0-3.0arcsec 2 robust=-2.0:taper=1.0 2 2.5 10.00 3.93 12.25 8.08 1.13 4.6 4.1  16 0.00 2.2648
SKA1X9-12A80B133 0 0 800 -50 3.0-4.0arcsec 3 natural 0 3 12.50 4.23 14.82 7.35 1.15 5.4 4.7  35 0.07 3.3360
SKA1X9-12A72B120 0 0 1100 -50 2.0-3.0arcsec 2 robust=-2.0:taper=1.0 2 2.4 10.00 4.20 10.80 8.61 1.10 4.3 4  16 0.00 2.2646
SKA1X9-12A80B133 0 0 650 -10 10.0-60.0arcmin 4 robust=-2.0:taper=1.0 2 5.4 14.45 2.67 70.55 3.37 1.05 9.9 9.4  1.7e+06 0.01 733.7666
SKA1X9-12A54B90 0 0 1100 -10 1.0-2.0arcsec 1 natural 0 1.6 10.00 6.20 2.16 19.26 0.99 2.9 3  5.2 0.07 1.2915
SKA1X9-12A80B133 0 0 1100 -50 3.0-4.0arcsec 3 robust=-2.0:taper=0 1 2.8 10.00 3.51 14.06 7.54 1.20 5.2 4.3  33 0.00 3.2586
SKA1X9-12A54B90 0 0 800 -30 2.0-3.0arcsec 2 robust=-2.0:taper=0 1 2.5 12.50 4.96 10.74 8.63 1.01 4.6 4.5  16 0.00 2.2344
SKA1X9-12A72B120 0 0 1100 -10 10.0-60.0arcmin 4 natural 0 10 10.00 0.99 72.51 3.32 1.07 18 17  1.8e+06 0.02 766.7889
SKA1X9-12A72B120 0 0 1100 -10 3.0-4.0arcsec 3 robust=-2.0:taper=1.0 2 3 10.00 3.39 17.50 6.76 1.12 5.4 4.8  33 0.00 3.2616
SKA1X9-12A80B133 0 0 650 -30 10.0-60.0arcmin 4 robust=-2.0:taper=0 1 5.7 14.45 2.52 79.97 3.16 1.05 10 9.9  1.7e+06 0.03 730.1017
SKA1X9-12A72B120 0 0 800 -50 3.0-4.0arcsec 3 natural 0 2.8 12.50 4.51 13.55 7.68 1.08 5 4.7  35 0.09 3.3385
SKA1REF2 0 0 1100 -10 0.4-1.0arcsec 0 robust=-2.0:taper=0 1 1.8 10.00 5.62 5.39 12.19 1.00 3.2 3.2  0.87 0.06 0.5277
SKA1X9-12A80B133 0 0 650 -10 1.0-2.0arcsec 1 robust=-2.0:taper=1.0 2 1.7 14.45 8.40 6.17 11.39 0.85 3.1 3.7  4.9 0.00 1.2456
SKA1X9-12A72B120 0 0 1100 -30 3.0-4.0arcsec 3 robust=-2.0:taper=0 1 2.8 10.00 3.53 15.51 7.18 1.15 5.2 4.5  33 0.01 3.2484
SKA1X9-12A54B90 0 0 800 -50 1.0-2.0arcsec 1 robust=-2.0:taper=0 1 1.3 12.50 9.83 3.14 15.97 0.61 2.3 3.8  4.1 0.01 1.1389
SKA1X9-12A60B100 0 0 650 -50 2.0-3.0arcsec 2 robust=-2.0:taper=1.0 2 2.4 14.45 5.90 9.88 9.00 1.00 4.5 4.5  16 0.00 2.2645
SKA1X9-12A72B120 0 0 650 -10 10.0-60.0arcmin 4 natural 0 5.5 14.45 2.61 72.51 3.32 1.05 10 9.6  2e+06 0.01 792.7916
SKA1REF2 0 0 800 -50 0.4-1.0arcsec 0 natural 0 1.4 12.50 8.87 3.66 14.79 1.00 2.6 2.6  1.1 0.10 0.5973
SKA1X9-12A54B90 0 0 1100 -10 0.4-1.0arcsec 0 natural 0 0.93 10.00 10.80 2.48 17.97 0.66 1.7 2.6  1.3 0.06 0.6554
SKA1X9-12A80B133 0 0 1100 -10 10.0-60.0arcmin 4 natural 0 10 10.00 1.00 72.99 3.31 1.06 18 17  1.9e+06 0.01 769.5724
SKA1X9-12A54B90 0 0 650 -10 1.0-2.0arcsec 1 natural 0 0.97 14.45 14.85 2.16 19.26 0.59 1.8 3  4.7 0.06 1.2222
SKA1X9-12A80B133 0 0 650 -50 10.0-60.0arcmin 4 robust=-2.0:taper=1.0 2 5.7 14.45 2.53 78.96 3.18 1.06 10 9.8  1.7e+06 0.00 736.7200
SKA1X9-12A60B100 0 0 800 -10 0.4-1.0arcsec 0 robust=-2.0:taper=0 1 1.6 12.50 7.64 4.58 13.21 0.94 3 3.2  1.4 0.07 0.6723
SKA1X9-12A80B133 0 0 800 -30 2.0-3.0arcsec 2 robust=-2.0:taper=0 1 2.7 12.50 4.59 12.77 7.91 1.09 5 4.5  16 0.00 2.2437
SKA1X9-12A54B90 0 0 1100 -10 2.0-3.0arcsec 2 robust=-2.0:taper=1.0 2 2.6 10.00 3.86 11.36 8.39 1.04 4.7 4.5  16 0.00 2.2620
SKA1X9-12A60B100 0 0 800 -10 10.0-60.0arcmin 4 robust=-2.0:taper=0 1 7.1 12.50 1.77 71.00 3.36 1.06 13 12  2e+06 0.03 788.4828
SKA1X9-12A60B100 0 0 650 -10 0.4-1.0arcsec 0 natural 0 1.3 14.45 11.45 1.93 20.38 0.81 2.3 2.9  2.2 0.05 0.8314
SKA1X9-12A60B100 0 0 650 -30 10.0-60.0arcmin 4 natural 0 5.9 14.45 2.44 83.22 3.10 1.06 11 10  2e+06 0.03 789.6289
SKA1REF2 0 0 650 -50 1.0-2.0arcsec 1 natural 0 1.6 14.45 8.81 4.57 13.23 1.00 3 3  5.6 0.04 1.3371
SKA1REF2 0 0 650 -50 0.4-1.0arcsec 0 natural 0 1.5 14.45 9.48 3.66 14.79 1.00 2.8 2.8  1.3 0.11 0.6506
SKA1X9-12A54B90 0 0 1100 -30 1.0-2.0arcsec 1 natural 0 1.7 10.00 6.00 2.26 18.82 1.02 3 3  5.4 0.05 1.3066
SKA1X9-12A54B90 0 0 1100 -50 3.0-4.0arcsec 3 robust=-2.0:taper=0 1 2.6 10.00 3.91 12.44 8.02 1.08 4.7 4.3  33 0.01 3.2565
SKA1X9-12A72B120 0 0 1100 -50 10.0-60.0arcmin 4 robust=-2.0:taper=0 1 11 10.00 0.95 77.30 3.22 1.05 19 18  1.8e+06 0.06 760.2690
SKA1X9-12A60B100 0 0 800 -10 0.4-1.0arcsec 0 natural 0 0.97 12.50 12.82 1.93 20.38 0.69 1.8 2.6  1.8 0.06 0.7545
SKA1X9-12A80B133 0 0 1100 -50 2.0-3.0arcsec 2 robust=-2.0:taper=1.0 2 2.5 10.00 4.05 11.37 8.39 1.14 4.5 4  16 0.01 2.2539
SKA1X9-12A54B90 0 0 1100 -30 2.0-3.0arcsec 2 robust=-2.0:taper=0 1 2.4 10.00 4.10 10.74 8.63 1.06 4.4 4.2  16 0.01 2.2299
SKA1X9-12A60B100 0 0 800 -30 2.0-3.0arcsec 2 natural 0 2.3 12.50 5.37 9.37 9.24 1.04 4.2 4.1  17 0.07 2.3414
SKA1X9-12A54B90 0 0 800 -50 10.0-60.0arcmin 4 robust=-2.0:taper=1.0 2 7.4 12.50 1.70 77.49 3.21 1.06 13 13  1.9e+06 0.04 787.5428
SKA1REF2 0 0 650 -50 2.0-3.0arcsec 2 natural 0 2.1 14.45 6.76 8.10 9.94 1.00 3.9 3.9  17 0.06 2.3407
SKA1REF2 0 0 800 -10 1.0-2.0arcsec 1 robust=-2.0:taper=1.0 2 2.1 12.50 6.02 7.34 10.44 1.00 3.8 3.8  5.4 0.02 1.3068
SKA1X9-12A60B100 0 0 650 -50 3.0-4.0arcsec 3 robust=-2.0:taper=0 1 2.8 14.45 5.15 12.91 7.87 1.07 5.1 4.8  33 0.01 3.2499
SKA1X9-12A80B133 0 0 650 -30 0.4-1.0arcsec 0 natural 0 0.91 14.45 15.83 1.42 23.76 0.60 1.7 2.8  1.6 0.13 0.7069
SKA1X9-12A60B100 0 0 800 -10 1.0-2.0arcsec 1 robust=-2.0:taper=0 1 1.6 12.50 8.03 4.14 13.90 0.70 2.8 4  4.1 0.01 1.1445
SKA1REF2 0 0 650 -30 1.0-2.0arcsec 1 natural 0 1.6 14.45 8.85 4.59 13.20 1.00 3 3  5.6 0.07 1.3381
SKA1REF2 0 0 800 -10 3.0-4.0arcsec 3 robust=-2.0:taper=0 1 2.9 12.50 4.30 14.40 7.45 1.00 5.3 5.3  33 0.00 3.2530
SKA1REF2 0 0 650 -30 0.4-1.0arcsec 0 robust=-2.0:taper=1.0 2 1.5 14.45 9.34 4.23 13.75 1.00 2.8 2.8  3.3 0.07 1.0228
SKA1X9-12A54B90 0 0 650 -30 3.0-4.0arcsec 3 robust=-2.0:taper=1.0 2 2.9 14.45 5.04 13.21 7.78 1.05 5.2 5  33 0.00 3.2610
SKA1X9-12A54B90 0 0 800 -10 1.0-2.0arcsec 1 natural 0 1.2 12.50 10.59 2.16 19.26 0.73 2.2 3  4.5 0.06 1.2024
SKA1X9-12A72B120 0 0 800 -30 0.4-1.0arcsec 0 robust=-2.0:taper=0 1 1.4 12.50 8.95 3.31 15.54 0.85 2.5 3  1.1 0.09 0.5883
SKA1X9-12A80B133 0 0 650 -50 2.0-3.0arcsec 2 natural 0 2.3 14.45 6.36 9.19 9.33 1.06 4.1 3.9  17 0.06 2.3344
SKA1X9-12A54B90 0 0 800 -10 1.0-2.0arcsec 1 robust=-2.0:taper=1.0 2 1.5 12.50 8.49 3.88 14.36 0.71 2.7 3.8  4.9 0.01 1.2516
SKA1X9-12A72B120 0 0 1100 -30 10.0-60.0arcmin 4 robust=-2.0:taper=1.0 2 11 10.00 0.94 79.79 3.17 1.06 19 18  1.8e+06 0.03 760.4493
SKA1X9-12A80B133 0 0 1100 -10 3.0-4.0arcsec 3 robust=-2.0:taper=0 1 3.2 10.00 3.14 19.03 6.48 1.21 5.8 4.8  33 0.00 3.2602
SKA1X9-12A60B100 0 0 800 -30 1.0-2.0arcsec 1 robust=-2.0:taper=0 1 1.5 12.50 8.32 3.53 15.06 0.71 2.7 3.9  4 0.01 1.1315
SKA1X9-12A54B90 0 0 800 -30 2.0-3.0arcsec 2 natural 0 2.2 12.50 5.71 8.45 9.73 0.98 4 4.1  17 0.08 2.3365
SKA1REF2 0 0 800 -30 1.0-2.0arcsec 1 robust=-2.0:taper=1.0 2 2 12.50 6.40 6.45 11.14 1.00 3.6 3.6  5.3 0.03 1.2933
SKA1X9-12A60B100 0 0 650 -50 3.0-4.0arcsec 3 natural 0 2.7 14.45 5.26 13.01 7.84 1.06 5 4.7  35 0.03 3.3527
SKA1REF2 0 0 1100 -30 3.0-4.0arcsec 3 natural 0 2.6 10.00 3.86 11.73 8.26 1.00 4.7 4.7  35 0.05 3.3480
SKA1X9-12A60B100 0 0 800 -50 0.4-1.0arcsec 0 robust=-2.0:taper=1.0 2 1.2 12.50 10.35 2.56 17.66 0.78 2.2 2.8  2.8 0.02 0.9411
SKA1X9-12A80B133 0 0 800 -30 3.0-4.0arcsec 3 robust=-2.0:taper=0 1 3 12.50 4.21 15.53 7.18 1.13 5.4 4.8  33 0.01 3.2528
SKA1X9-12A80B133 0 0 1100 -30 0.4-1.0arcsec 0 robust=-2.0:taper=1.0 2 1.5 10.00 6.46 3.16 15.90 0.97 2.8 2.9  2.4 0.01 0.8725
SKA1X9-12A80B133 0 0 1100 -30 3.0-4.0arcsec 3 robust=-2.0:taper=0 1 2.9 10.00 3.43 15.53 7.18 1.18 5.3 4.5  33 0.00 3.2578
SKA1X9-12A60B100 0 0 650 -30 2.0-3.0arcsec 2 natural 0 2.3 14.45 6.28 9.37 9.24 1.07 4.2 3.9  17 0.04 2.3510
SKA1X9-12A60B100 0 0 650 -50 0.4-1.0arcsec 0 robust=-2.0:taper=0 1 1.6 14.45 9.29 4.02 14.11 0.96 2.8 2.9  2 0.07 0.8064
SKA1REF2 0 0 650 -30 0.4-1.0arcsec 0 robust=-2.0:taper=0 1 1.7 14.45 8.74 4.74 12.99 1.00 3 3  1.6 0.12 0.7115
SKA1X9-12A72B120 0 0 650 -50 0.4-1.0arcsec 0 robust=-2.0:taper=1.0 2 1.2 14.45 12.03 2.79 16.92 0.80 2.2 2.7  2.9 0.02 0.9667
SKA1REF2 0 0 1100 -50 2.0-3.0arcsec 2 robust=-2.0:taper=1.0 2 2.2 10.00 4.61 9.50 9.18 1.00 4 4  16 0.00 2.2602
SKA1X9-12A60B100 0 0 650 -50 10.0-60.0arcmin 4 natural 0 5.9 14.45 2.46 81.59 3.13 1.06 11 10  2e+06 0.01 795.3997
SKA1X9-12A72B120 0 0 650 -10 1.0-2.0arcsec 1 robust=-2.0:taper=1.0 2 1.6 14.45 9.13 5.35 12.23 0.78 2.9 3.7  4.9 0.02 1.2432
SKA1REF2 0 0 1100 -10 3.0-4.0arcsec 3 robust=-2.0:taper=1.0 2 2.6 10.00 3.81 14.27 7.49 1.00 4.8 4.8  33 0.00 3.2641
SKA1X9-12A60B100 0 0 800 -10 3.0-4.0arcsec 3 robust=-2.0:taper=0 1 3.1 12.50 4.09 15.85 7.11 1.05 5.6 5.3  33 0.00 3.2543
SKA1X9-12A60B100 0 0 1100 -50 0.4-1.0arcsec 0 natural 0 0.89 10.00 11.28 1.78 21.17 0.63 1.6 2.6  1.1 0.09 0.6021
SKA1X9-12A80B133 0 0 800 -50 1.0-2.0arcsec 1 natural 0 1.7 12.50 7.40 4.64 13.13 1.05 3.1 2.9  5.5 0.06 1.3191
SKA1X9-12A54B90 0 0 650 -10 3.0-4.0arcsec 3 robust=-2.0:taper=1.0 2 3.2 14.45 4.52 16.15 7.04 1.06 5.8 5.5  33 0.00 3.2650
SKA1REF2 0 0 800 -10 1.0-2.0arcsec 1 robust=-2.0:taper=0 1 2.2 12.50 5.63 8.42 9.75 1.00 4 4  4.6 0.02 1.2064
SKA1REF2 0 0 650 -10 3.0-4.0arcsec 3 natural 0 2.6 14.45 5.66 11.41 8.37 1.00 4.7 4.7  35 0.07 3.3538
SKA1X9-12A72B120 0 0 800 -50 2.0-3.0arcsec 2 natural 0 2.4 12.50 5.26 9.60 9.13 1.08 4.3 4  17 0.04 2.3511
SKA1X9-12A72B120 0 0 1100 -30 2.0-3.0arcsec 2 robust=-2.0:taper=0 1 2.6 10.00 3.87 12.60 7.97 1.12 4.7 4.2  16 0.00 2.2422
SKA1X9-12A54B90 0 0 1100 -10 0.4-1.0arcsec 0 robust=-2.0:taper=1.0 2 1.3 10.00 7.64 3.04 16.23 0.77 2.4 3.1  2.5 0.02 0.8940
SKA1X9-12A80B133 0 0 650 -10 10.0-60.0arcmin 4 robust=-2.0:taper=0 1 5.4 14.45 2.67 70.55 3.37 1.05 9.9 9.4  1.7e+06 0.01 733.7664
SKA1X9-12A72B120 0 0 1100 -30 0.4-1.0arcsec 0 natural 0 0.88 10.00 11.40 1.48 23.27 0.63 1.6 2.6  0.85 0.11 0.5199
SKA1X9-12A54B90 0 0 1100 -50 10.0-60.0arcmin 4 robust=-2.0:taper=1.0 2 11 10.00 0.94 77.49 3.21 1.06 19 18  1.8e+06 0.06 760.8074
SKA1X9-12A72B120 0 0 650 -50 1.0-2.0arcsec 1 robust=-2.0:taper=0 1 1.4 14.45 9.99 4.84 12.85 0.73 2.6 3.6  4 0.01 1.1328
SKA1X9-12A80B133 0 0 650 -50 3.0-4.0arcsec 3 robust=-2.0:taper=0 1 2.9 14.45 4.97 14.06 7.54 1.11 5.3 4.8  33 0.00 3.2554
SKA1X9-12A80B133 0 0 800 -30 10.0-60.0arcmin 4 natural 0 7.5 12.50 1.67 82.82 3.11 1.05 14 13  2e+06 0.02 789.8809
SKA1X9-12A60B100 0 0 1100 -10 10.0-60.0arcmin 4 robust=-2.0:taper=1.0 2 10 10.00 1.00 71.00 3.36 1.06 18 17  1.8e+06 0.02 765.5376
SKA1X9-12A80B133 0 0 1100 -10 10.0-60.0arcmin 4 robust=-2.0:taper=1.0 2 10 10.00 1.00 70.55 3.37 1.06 18 17  1.9e+06 0.01 768.9025
SKA1X9-12A60B100 0 0 650 -50 2.0-3.0arcsec 2 natural 0 2.3 14.45 6.39 9.16 9.35 1.06 4.1 3.9  17 0.03 2.3402
SKA1REF2 0 0 650 -10 0.4-1.0arcsec 0 robust=-2.0:taper=0 1 1.8 14.45 8.11 5.39 12.19 1.00 3.2 3.2  1.7 0.07 0.7306
SKA1X9-12A72B120 0 0 650 -50 10.0-60.0arcmin 4 robust=-2.0:taper=1.0 2 5.7 14.45 2.56 77.30 3.22 1.05 10 9.8  1.7e+06 0.00 734.7695
SKA1X9-12A54B90 0 0 800 -50 0.4-1.0arcsec 0 robust=-2.0:taper=0 1 1.6 12.50 7.61 4.50 13.33 1.01 3 3  1.6 0.07 0.7138
SKA1REF2 0 0 800 -50 3.0-4.0arcsec 3 natural 0 2.6 12.50 4.87 11.48 8.35 1.00 4.7 4.7  35 0.08 3.3441
SKA1X9-12A72B120 0 0 650 -50 10.0-60.0arcmin 4 natural 0 5.8 14.45 2.47 80.56 3.15 1.05 11 10  2e+06 0.02 792.2666
SKA1X9-12A60B100 0 0 1100 -50 10.0-60.0arcmin 4 robust=-2.0:taper=0 1 11 10.00 0.95 78.12 3.20 1.05 19 18  1.8e+06 0.05 760.0751
SKA1REF2 0 0 800 -30 0.4-1.0arcsec 0 robust=-2.0:taper=0 1 1.6 12.50 7.60 4.74 12.99 1.00 3 3  1.1 0.11 0.5956
SKA1REF2 0 0 800 -30 2.0-3.0arcsec 2 natural 0 2.2 12.50 5.60 8.22 9.86 1.00 4.1 4.1  17 0.06 2.3511
SKA1X9-12A72B120 0 0 800 -50 0.4-1.0arcsec 0 natural 0 0.91 12.50 13.66 1.49 23.18 0.65 1.7 2.6  1.4 0.09 0.6650
SKA1X9-12A72B120 0 0 800 -10 3.0-4.0arcsec 3 natural 0 2.8 12.50 4.53 13.15 7.80 1.06 5 4.7  35 0.06 3.3317
SKA1X9-12A72B120 0 0 800 -50 0.4-1.0arcsec 0 robust=-2.0:taper=0 1 1.4 12.50 9.17 3.20 15.81 0.84 2.5 3  1.1 0.07 0.5908
SKA1X9-12A54B90 0 0 1100 -30 2.0-3.0arcsec 2 natural 0 2.3 10.00 4.32 8.45 9.73 1.05 4.2 4  17 0.08 2.3460
SKA1X9-12A80B133 0 0 1100 -10 10.0-60.0arcmin 4 robust=-2.0:taper=0 1 10 10.00 1.00 70.55 3.37 1.06 18 17  1.9e+06 0.01 768.9024
SKA1X9-12A72B120 0 0 1100 -50 3.0-4.0arcsec 3 robust=-2.0:taper=1.0 2 2.6 10.00 3.78 13.70 7.64 1.12 4.8 4.3  33 0.01 3.2567
SKA1X9-12A80B133 0 0 800 -50 0.4-1.0arcsec 0 robust=-2.0:taper=0 1 1.3 12.50 9.71 2.87 16.69 0.79 2.3 3  1 0.05 0.5719
SKA1X9-12A54B90 0 0 650 -10 3.0-4.0arcsec 3 natural 0 2.7 14.45 5.40 12.81 7.90 1.05 4.9 4.7  35 0.06 3.3314
SKA1REF2 0 0 1100 -10 3.0-4.0arcsec 3 natural 0 2.6 10.00 3.85 11.41 8.37 1.00 4.7 4.7  35 0.03 3.3525
SKA1X9-12A72B120 0 0 1100 -30 1.0-2.0arcsec 1 natural 0 1.8 10.00 5.70 4.28 13.67 1.07 3.2 3  5.6 0.06 1.3385
SKA1X9-12A80B133 0 0 650 -10 2.0-3.0arcsec 2 robust=-2.0:taper=1.0 2 3 14.45 4.85 14.74 7.37 1.08 5.4 5  16 0.01 2.2675
SKA1X9-12A54B90 0 0 650 -50 10.0-60.0arcmin 4 natural 0 5.9 14.45 2.47 81.12 3.14 1.06 11 10  2e+06 0.02 794.8631
SKA1X9-12A80B133 0 0 650 -30 1.0-2.0arcsec 1 robust=-2.0:taper=1.0 2 1.7 14.45 8.41 5.99 11.55 0.90 3.1 3.5  4.9 0.00 1.2450
SKA1X9-12A72B120 0 0 1100 -10 2.0-3.0arcsec 2 robust=-2.0:taper=1.0 2 2.7 10.00 3.67 14.17 7.51 1.10 5 4.5  16 0.00 2.2651
SKA1X9-12A80B133 0 0 1100 -50 1.0-2.0arcsec 1 robust=-2.0:taper=1.0 2 2 10.00 4.98 5.70 11.85 1.07 3.7 3.4  5 0.01 1.2679
SKA1X9-12A60B100 0 0 1100 -50 2.0-3.0arcsec 2 natural 0 2.4 10.00 4.22 9.16 9.35 1.08 4.3 4  17 0.05 2.3529
SKA1REF2 0 0 650 -50 3.0-4.0arcsec 3 robust=-2.0:taper=0 1 2.6 14.45 5.50 11.22 8.44 1.00 4.8 4.8  33 0.00 3.2573
SKA1X9-12A72B120 0 0 650 -30 0.4-1.0arcsec 0 robust=-2.0:taper=0 1 1.4 14.45 10.15 3.31 15.54 0.86 2.6 3  1.5 0.11 0.7007
SKA1X9-12A72B120 0 0 1100 -10 1.0-2.0arcsec 1 robust=-2.0:taper=1.0 2 2.2 10.00 4.57 5.35 12.23 1.03 4 3.9  5.1 0.01 1.2757
SKA1REF2 0 0 800 -50 2.0-3.0arcsec 2 natural 0 2.2 12.50 5.68 8.10 9.94 1.00 4 4  17 0.07 2.3578
SKA1X9-12A80B133 0 0 800 -30 1.0-2.0arcsec 1 robust=-2.0:taper=1.0 2 2 12.50 6.30 5.99 11.55 1.02 3.6 3.6  5.1 0.00 1.2747
SKA1X9-12A54B90 0 0 650 -50 10.0-60.0arcmin 4 robust=-2.0:taper=0 1 5.6 14.45 2.56 77.49 3.21 1.05 10 9.8  1.7e+06 0.00 737.0769
SKA1X9-12A54B90 0 0 650 -30 10.0-60.0arcmin 4 natural 0 5.9 14.45 2.47 82.71 3.11 1.04 11 10  2e+06 0.03 788.9543
SKA1X9-12A54B90 0 0 800 -30 2.0-3.0arcsec 2 robust=-2.0:taper=1.0 2 2.5 12.50 5.04 10.44 8.75 1.01 4.5 4.5  16 0.00 2.2570
SKA1X9-12A72B120 0 0 1100 -50 10.0-60.0arcmin 4 robust=-2.0:taper=1.0 2 11 10.00 0.95 77.30 3.22 1.05 19 18  1.8e+06 0.06 760.2692
SKA1X9-12A54B90 0 0 1100 -30 0.4-1.0arcsec 0 robust=-2.0:taper=0 1 1.6 10.00 6.29 4.64 13.13 0.93 2.9 3.1  0.94 0.07 0.5471
SKA1REF2 0 0 1100 -10 0.4-1.0arcsec 0 robust=-2.0:taper=1.0 2 1.7 10.00 5.92 4.90 12.78 1.00 3.1 3.1  2.8 0.03 0.9369
SKA1REF2 0 0 800 -50 1.0-2.0arcsec 1 robust=-2.0:taper=1.0 2 1.9 12.50 6.55 6.07 11.48 1.00 3.5 3.5  5.2 0.01 1.2877
SKA1REF2 0 0 1100 -30 3.0-4.0arcsec 3 robust=-2.0:taper=1.0 2 2.5 10.00 4.07 11.85 8.22 1.00 4.5 4.5  33 0.01 3.2576
SKA1X9-12A80B133 0 0 800 -10 3.0-4.0arcsec 3 robust=-2.0:taper=0 1 3.3 12.50 3.78 19.03 6.48 1.14 6 5.3  33 0.00 3.2555
SKA1X9-12A60B100 0 0 650 -30 1.0-2.0arcsec 1 robust=-2.0:taper=1.0 2 1.3 14.45 10.97 3.75 14.61 0.69 2.4 3.5  4.9 0.02 1.2475
SKA1REF2 0 0 800 -10 1.0-2.0arcsec 1 natural 0 1.6 12.50 7.68 4.62 13.16 1.00 3 3  5.6 0.06 1.3298
SKA1X9-12A80B133 0 0 1100 -50 0.4-1.0arcsec 0 robust=-2.0:taper=0 1 1.2 10.00 8.18 2.87 16.69 0.74 2.2 3  0.76 0.02 0.4934
SKA1X9-12A54B90 0 0 800 -10 2.0-3.0arcsec 2 robust=-2.0:taper=0 1 2.7 12.50 4.62 11.57 8.32 0.99 4.9 5  16 0.01 2.2337
SKA1REF2 0 0 650 -10 2.0-3.0arcsec 2 natural 0 2.2 14.45 6.70 8.16 9.90 1.00 3.9 3.9  17 0.04 2.3349
SKA1X9-12A72B120 0 0 650 -10 3.0-4.0arcsec 3 natural 0 2.7 14.45 5.26 13.15 7.80 1.08 5 4.7  35 0.04 3.3564
SKA1X9-12A72B120 0 0 1100 -50 1.0-2.0arcsec 1 robust=-2.0:taper=1.0 2 2 10.00 5.02 4.87 12.82 1.07 3.6 3.4  5.1 0.01 1.2708
SKA1X9-12A54B90 0 0 800 -50 2.0-3.0arcsec 2 natural 0 2.2 12.50 5.59 8.72 9.58 1.01 4.1 4  17 0.06 2.3425
SKA1X9-12A54B90 0 0 1100 -10 1.0-2.0arcsec 1 robust=-2.0:taper=0 1 1.9 10.00 5.38 4.05 14.06 0.80 3.4 4.2  4.2 0.01 1.1559
SKA1X9-12A80B133 0 0 800 -10 3.0-4.0arcsec 3 natural 0 2.9 12.50 4.33 14.25 7.49 1.11 5.3 4.7  35 0.07 3.3375
SKA1X9-12A72B120 0 0 650 -30 2.0-3.0arcsec 2 natural 0 2.4 14.45 6.10 9.80 9.03 1.11 4.3 3.9  17 0.04 2.3498
SKA1X9-12A80B133 0 0 800 -30 10.0-60.0arcmin 4 robust=-2.0:taper=0 1 7.5 12.50 1.67 79.97 3.16 1.05 14 13  2e+06 0.02 789.7622
SKA1X9-12A80B133 0 0 1100 -50 2.0-3.0arcsec 2 natural 0 2.4 10.00 4.23 9.19 9.33 1.08 4.3 4  17 0.08 2.3378
SKA1REF2 0 0 1100 -30 10.0-60.0arcmin 4 natural 0 10 10.00 1.00 74.76 3.27 1.00 18 18  1.8e+06 0.07 759.1995
SKA1X9-12A80B133 0 0 650 -30 2.0-3.0arcsec 2 natural 0 2.2 14.45 6.44 9.11 9.37 1.05 4.1 3.9  17 0.06 2.3492
SKA1X9-12A54B90 0 0 650 -10 0.4-1.0arcsec 0 robust=-2.0:taper=0 1 1.8 14.45 8.14 5.24 12.35 1.00 3.2 3.2  2.5 0.08 0.8841
SKA1X9-12A80B133 0 0 1100 -50 0.4-1.0arcsec 0 natural 0 0.91 10.00 10.96 1.45 23.52 0.65 1.7 2.6  0.77 0.06 0.4964
SKA1X9-12A60B100 0 0 800 -30 10.0-60.0arcmin 4 robust=-2.0:taper=1.0 2 7.5 12.50 1.67 81.40 3.13 1.05 14 13  2e+06 0.02 788.2369
SKA1REF2 0 0 1100 -50 10.0-60.0arcmin 4 robust=-2.0:taper=1.0 2 10 10.00 1.00 70.36 3.37 1.00 18 18  1.8e+06 0.08 762.0448
SKA1X9-12A60B100 0 0 650 -50 1.0-2.0arcsec 1 natural 0 1.1 14.45 13.63 2.72 17.14 0.65 1.9 3  4.3 0.01 1.1764
SKA1X9-12A60B100 0 0 650 -10 0.4-1.0arcsec 0 robust=-2.0:taper=1.0 2 1.3 14.45 11.15 2.99 16.37 0.77 2.4 3.1  3.4 0.05 1.0343
SKA1REF2 0 0 1100 -30 10.0-60.0arcmin 4 robust=-2.0:taper=0 1 10 10.00 0.99 71.79 3.34 1.00 18 18  1.8e+06 0.07 757.0996
SKA1X9-12A60B100 0 0 1100 -30 1.0-2.0arcsec 1 robust=-2.0:taper=0 1 2 10.00 4.93 3.53 15.06 0.94 3.7 3.9  4.2 0.01 1.1614
SKA1X9-12A54B90 0 0 800 -30 3.0-4.0arcsec 3 natural 0 2.9 12.50 4.30 13.59 7.67 1.11 5.3 4.8  35 0.05 3.3342
SKA1X9-12A54B90 0 0 1100 -50 3.0-4.0arcsec 3 robust=-2.0:taper=1.0 2 2.5 10.00 3.94 12.32 8.06 1.07 4.6 4.3  33 0.01 3.2652
SKA1X9-12A72B120 0 0 650 -50 0.4-1.0arcsec 0 robust=-2.0:taper=0 1 1.4 14.45 10.25 3.20 15.81 0.87 2.6 2.9  1.6 0.08 0.7080
SKA1X9-12A72B120 0 0 650 -10 1.0-2.0arcsec 1 robust=-2.0:taper=0 1 1.5 14.45 9.52 5.21 12.39 0.70 2.8 3.9  4.1 0.02 1.1454
SKA1REF2 0 0 1100 -50 1.0-2.0arcsec 1 natural 0 1.6 10.00 6.14 4.57 13.23 1.00 3 3  5.6 0.05 1.3342
SKA1X9-12A60B100 0 0 800 -30 0.4-1.0arcsec 0 robust=-2.0:taper=0 1 1.5 12.50 8.07 4.08 14.00 0.94 2.8 3  1.3 0.10 0.6554
SKA1REF2 0 0 650 -50 1.0-2.0arcsec 1 robust=-2.0:taper=0 1 2 14.45 7.26 7.12 10.60 1.00 3.6 3.6  4.6 0.03 1.2053
SKA1X9-12A54B90 0 0 800 -50 10.0-60.0arcmin 4 robust=-2.0:taper=0 1 7.4 12.50 1.70 77.49 3.21 1.06 13 13  1.9e+06 0.04 787.5427
SKA1X9-12A54B90 0 0 650 -10 2.0-3.0arcsec 2 natural 0 2.1 14.45 6.81 8.31 9.81 0.98 3.9 3.9  17 0.02 2.3222
SKA1X9-12A80B133 0 0 650 -30 2.0-3.0arcsec 2 robust=-2.0:taper=0 1 2.8 14.45 5.23 12.77 7.91 1.07 5 4.7  16 0.01 2.2440
SKA1X9-12A72B120 0 0 650 -10 10.0-60.0arcmin 4 robust=-2.0:taper=1.0 2 5.4 14.45 2.70 69.52 3.39 1.04 9.8 9.4  1.7e+06 0.00 732.8085
SKA1X9-12A80B133 0 0 1100 -30 1.0-2.0arcsec 1 robust=-2.0:taper=0 1 2.3 10.00 4.38 6.34 11.23 1.06 4.2 3.9  4.3 0.02 1.1714
SKA1REF2 0 0 800 -10 3.0-4.0arcsec 3 robust=-2.0:taper=1.0 2 2.9 12.50 4.32 14.27 7.49 1.00 5.3 5.3  33 0.00 3.2612
SKA1X9-12A72B120 0 0 650 -10 0.4-1.0arcsec 0 robust=-2.0:taper=1.0 2 1.3 14.45 11.15 3.18 15.85 0.77 2.4 3.1  3 0.04 0.9780
SKA1X9-12A60B100 0 0 1100 -30 0.4-1.0arcsec 0 natural 0 0.9 10.00 11.13 1.80 21.10 0.64 1.6 2.6  1.1 0.11 0.5970
SKA1REF2 0 0 650 -10 0.4-1.0arcsec 0 robust=-2.0:taper=1.0 2 1.7 14.45 8.62 4.90 12.78 1.00 3.1 3.1  3.4 0.05 1.0349
SKA1X9-12A80B133 0 0 650 -10 1.0-2.0arcsec 1 natural 0 1.5 14.45 9.91 4.23 13.75 0.89 2.7 3  4.9 0.04 1.2509
SKA1X9-12A72B120 0 0 650 -30 1.0-2.0arcsec 1 robust=-2.0:taper=1.0 2 1.6 14.45 9.23 5.21 12.40 0.82 2.9 3.5  4.8 0.01 1.2367
SKA1X9-12A80B133 0 0 1100 -30 1.0-2.0arcsec 1 natural 0 1.7 10.00 5.72 4.56 13.24 1.07 3.2 3  5.5 0.06 1.3206
SKA1X9-12A80B133 0 0 650 -30 0.4-1.0arcsec 0 robust=-2.0:taper=0 1 1.3 14.45 10.78 2.93 16.53 0.81 2.4 3  1.3 0.10 0.6498
SKA1REF2 0 0 650 -30 0.4-1.0arcsec 0 natural 0 1.5 14.45 9.52 3.64 14.83 1.00 2.8 2.8  1.3 0.13 0.6467
SKA1X9-12A54B90 0 0 800 -30 10.0-60.0arcmin 4 robust=-2.0:taper=1.0 2 7.5 12.50 1.66 80.26 3.16 1.06 14 13  2e+06 0.03 790.6771
