# lo0 lores lofreq freq dec resbin ridx weight widx noise166 flux10 snr10 hours snravg noise50 psf_area psf_sym psf_mean noise50k speed speed_avg
SKA1V8 0 0 800 -10 0.4-2.0arcsec 1 natural 0 1.3 11.69 9.19 8.92 9.47 2.3 2.1 0.07 0.8160 73 90 96
SKA1W8-12C0B120 0 0 1000 -30 10.0-60.0arcsec 6 natural 0 1.2 10.00 8.04 8.47 9.72 2.3 1.5e+03 0.01 22.1833 72 44 1.1e+02
SKA1W8-12C0B120 0 0 1400 -50 3.0-4.0arcsec 4 natural 0 2.4 7.90 3.29 63.73 3.54 4.4 34 0.04 3.3114 1.4e+02 3.8 14
SKA1W8-V2 0 0 800 -10 10.0-60.0arcmin 8 natural 0 6.1 11.69 1.93 231.19 1.86 11 2e+06 0.01 798.3992 3.5e+02 4 6.2
SKASUR 0 0 650 -30 0.4-2.0arcsec 1 natural 0 5.6 13.52 2.42 108.82 2.71 10 6.8 0.29 1.4971 3.2e+02 1.1e+02 1.4e+02
SKASUR1 0 0 1000 -50 1.0-2.0arcsec 2 natural 0 4.7 10.00 2.13 290.66 1.66 8.6 6.3 0.31 1.4411 2.7e+02 82 54
SKA1V8-C9B120 0 0 1000 -10 2.0-3.0arcsec 3 natural 0 2.4 10.00 4.10 31.10 5.07 4.4 17 0.04 2.3486 1.4e+02 12 32
SKA1W8-V2 0 0 650 -30 0.4-2.0arcsec 1 natural 0 1.2 13.52 11.73 6.48 11.11 2.1 3.4 0.11 1.0399 66 2.2e+02 1.3e+02
SKA1V8 0 0 1400 -50 10.0-60.0arcsec 6 natural 0 0.72 7.90 10.91 7.34 10.44 1.3 1.5e+03 0.01 21.5700 42 42 1.3e+02
SKA1W8-V2 0 0 800 -10 10.0-60.0arcsec 6 natural 0 1.3 11.69 9.21 8.78 9.55 2.3 1.3e+03 0.08 20.7381 73 91 1e+02
SKA1W8-C9B120 0 0 1400 -10 10.0-60.0arcmin 8 natural 0 7.2 7.90 1.10 237.81 1.83 13 1.7e+06 0.02 726.4514 4.2e+02 0.42 6.1
SKA1W8-12C0B120 0 0 1400 -30 1.0-2.0arcsec 2 natural 0 1.2 7.90 6.48 14.08 7.54 2.2 5 0.06 1.2652 70 15 88
SKA1V8 0 0 1400 -50 1.0-2.0arcsec 2 natural 0 1.2 7.90 6.60 21.16 6.15 2.2 5.5 0.08 1.3216 69 15 44
SKA1W8-V2 0 0 800 -30 1.0-2.0arcsec 2 natural 0 1.7 11.69 7.07 15.68 7.14 3 5.2 0.02 1.2858 95 54 75
SKASUR 0 0 800 -10 2.0-3.0arcsec 3 natural 0 7.6 11.69 1.54 274.57 1.71 14 18 0.19 2.3863 4.4e+02 43 53
SKA1W8-C9B120 0 0 650 -30 2.0-3.0arcsec 3 natural 0 2.8 13.52 4.81 44.60 4.24 5.1 17 0.07 2.3482 1.6e+02 38 21
SKA1V8-C9B120 0 0 1400 -30 10.0-60.0arcsec 6 natural 0 0.75 7.90 10.54 7.29 10.48 1.4 1.3e+03 0.00 20.4055 43 39 1.4e+02
SKA1V8 0 0 1400 -10 0.4-1.0arcsec 0 natural 0 1 7.90 7.91 16.93 6.87 1.8 1 0.05 0.5773 58 22 47
SKA1W8-12C0B120 0 0 800 -50 0.4-2.0arcsec 1 natural 0 1 11.69 11.67 5.48 12.08 1.8 2.4 0.09 0.8777 58 1.5e+02 1.6e+02
SKA1W8-12C0B120 0 0 1000 -10 0.4-1.0arcsec 0 natural 0 1.2 10.00 8.55 8.92 9.47 2.1 1.3 0.04 0.6386 67 50 83
SKASUR 0 0 1400 -50 10.0-60.0arcsec 6 natural 0 4.5 7.90 1.75 94.93 2.90 8.2 9.4e+02 0.02 17.3103 2.6e+02 55 1.7e+02
SKASUR1 0 0 1000 -10 3.0-4.0arcsec 4 natural 0 7 10.00 1.44 497.51 1.27 13 36 0.24 3.3966 4e+02 37 30
SKA1W8-12C0B120 0 0 1000 -10 10.0-100.0arcsec 7 natural 0 1.1 10.00 9.24 6.38 11.20 2 2.6e+03 0.05 28.6431 62 59 1.5e+02
SKA1V8 0 0 1400 -30 10.0-60.0arcsec 6 natural 0 0.73 7.90 10.78 7.49 10.34 1.3 1.5e+03 0.01 21.6131 42 41 1.3e+02
SKA1V8 0 0 1400 -30 10.0-60.0arcmin 8 natural 0 7.6 7.90 1.04 261.19 1.75 14 1.6e+06 0.02 716.1607 4.4e+02 0.38 5.5
SKA1W8-C9B120 0 0 1000 -50 2.0-3.0arcsec 3 natural 0 3 10.00 3.38 43.27 4.30 5.4 17 0.04 2.3443 1.7e+02 7.8 22
SKA1W8 0 0 1400 -10 10.0-100.0arcsec 7 natural 0 0.66 7.90 12.01 6.07 11.48 1.2 2.4e+03 0.06 27.7659 38 50 1.6e+02
SKA1W8-C9B120 0 0 650 -30 0.4-2.0arcsec 1 natural 0 1.1 13.52 12.36 6.28 11.28 2 2.9 0.12 0.9648 63 2.5e+02 1.5e+02
SKA1V8-C9B120 0 0 1400 -50 10.0-60.0arcsec 6 natural 0 0.74 7.90 10.66 7.40 10.40 1.4 1.3e+03 0.01 20.3764 43 40 1.3e+02
SKASUR 0 0 650 -10 10.0-60.0arcmin 8 natural 0 44 13.52 0.31 15023.26 0.23 81 3.5e+06 0.33 1072.1672 2.5e+03 1.7 1.1
SKA1W8-12C0B120 0 0 800 -10 1.0-2.0arcsec 2 natural 0 1.5 11.69 7.72 13.21 7.78 2.8 5.1 0.03 1.2758 87 64 92
SKA1W8-C9B120 0 0 1000 -10 10.0-100.0arcsec 7 natural 0 1.1 10.00 9.01 6.48 11.11 2 2.1e+03 0.03 25.5753 64 56 1.5e+02
SKA1W8-V2 0 0 650 -30 10.0-60.0arcsec 6 natural 0 1.3 13.52 10.45 8.54 9.68 2.4 1.4e+03 0.05 20.9396 75 1.8e+02 1e+02
SKA1W8-V2 0 0 800 -10 2.0-3.0arcsec 3 natural 0 2.7 11.69 4.27 37.70 4.61 5 17 0.06 2.3287 1.6e+02 20 27
SKA1V8-C9B120 0 0 1000 -10 3.0-4.0arcsec 4 natural 0 2.9 10.00 3.47 46.57 4.14 5.2 35 0.10 3.3448 1.7e+02 8.3 20
SKA1W8-C9B120 0 0 1000 -50 1.0-2.0arcsec 2 natural 0 2 10.00 4.91 18.59 6.56 3.7 5.4 0.07 1.3158 1.2e+02 17 65
SKA1W8 0 0 1400 -10 3.0-10.0arcsec 5 natural 0 1 7.90 7.82 15.66 7.15 1.8 90 0.06 5.3404 58 21 57
SKA1V8 0 0 650 -10 10.0-100.0arcsec 7 natural 0 0.98 13.52 13.86 5.52 12.04 1.8 2e+03 0.08 24.9845 56 3.1e+02 1.8e+02
SKASUR1 0 0 650 -10 0.4-2.0arcsec 1 natural 0 8 13.52 1.70 192.32 2.04 15 11 0.41 1.9302 4.6e+02 52 79
SKA1W8 0 0 800 -10 3.0-10.0arcsec 5 natural 0 1.7 11.69 6.91 15.66 7.15 3.1 78 0.01 4.9924 97 51 57
SKASUR1 0 0 1400 -50 1.0-2.0arcsec 2 natural 0 4.5 7.90 1.75 290.66 1.66 8.2 6 0.05 1.3823 2.6e+02 55 54
SKA1W8 0 0 650 -10 0.4-2.0arcsec 1 natural 0 1.2 13.52 11.51 6.88 10.78 2.1 3.2 0.05 1.0051 68 2.2e+02 1.3e+02
SKA1W8-V2 0 0 800 -50 10.0-60.0arcsec 6 natural 0 1.3 11.69 9.24 8.80 9.53 2.3 1.4e+03 0.04 20.7824 73 91 1e+02
SKA1W8 0 0 800 -50 3.0-10.0arcsec 5 natural 0 1.7 11.69 7.02 15.27 7.24 3 82 0.05 5.1233 96 53 59
SKA1W8 0 0 800 -50 0.4-2.0arcsec 1 natural 0 1.1 11.69 10.59 6.70 10.93 2 2.2 0.10 0.8448 64 1.2e+02 1.3e+02
SKA1V8 0 0 1000 -50 1.0-2.0arcsec 2 natural 0 2 10.00 5.10 21.16 6.15 3.6 5.7 0.06 1.3507 1.1e+02 18 44
SKA1W8-C9B120 0 0 1000 -50 10.0-60.0arcsec 6 natural 0 1.3 10.00 7.98 8.72 9.58 2.3 1.3e+03 0.07 20.6841 72 44 1.1e+02
SKA1W8-12C0B120 0 0 1000 -50 10.0-100.0arcsec 7 natural 0 1.1 10.00 9.50 6.04 11.51 1.9 2.6e+03 0.02 28.8516 61 62 1.6e+02
SKA1W8-V2 0 0 1000 -50 10.0-60.0arcmin 8 natural 0 8.2 10.00 1.22 250.66 1.79 15 1.9e+06 0.02 775.0471 4.7e+02 1 5.8
SKASUR1 0 0 1000 -30 0.4-1.0arcsec 0 natural 0 11 10.00 0.89 1259.99 0.80 20 3.1 0.48 1.0415 6.5e+02 14 17
SKA1V8-C9B120 0 0 650 -30 3.0-10.0arcsec 5 natural 0 1.4 13.52 9.67 10.34 8.80 2.5 76 0.07 4.9214 81 1.5e+02 89
SKASUR1 0 0 800 -10 10.0-100.0arcsec 7 natural 0 3 11.69 3.94 52.31 3.91 5.4 1.1e+03 0.13 18.3407 1.7e+02 2.8e+02 2.9e+02
SKA1W8-V2 0 0 650 -10 2.0-3.0arcsec 3 natural 0 2.5 13.52 5.50 37.70 4.61 4.5 17 0.11 2.3346 1.4e+02 49 27
SKA1W8-C9B120 0 0 800 -10 10.0-60.0arcsec 6 natural 0 1.2 11.69 9.48 8.62 9.64 2.2 1.2e+03 0.02 19.4527 71 96 1.1e+02
SKA1V8 0 0 650 -10 2.0-3.0arcsec 3 natural 0 2.5 13.52 5.32 36.11 4.71 4.6 18 0.09 2.3654 1.5e+02 46 26
SKA1V8 0 0 1000 -30 1.0-2.0arcsec 2 natural 0 2 10.00 5.09 21.33 6.12 3.6 5.7 0.10 1.3434 1.1e+02 18 44
SKASUR 0 0 1400 -50 10.0-100.0arcsec 7 natural 0 4.4 7.90 1.78 88.56 3.01 8.1 1e+03 0.02 18.0329 2.6e+02 57 1.8e+02
SKASUR 0 0 1000 -50 3.0-4.0arcsec 4 natural 0 5.2 10.00 1.94 326.01 1.57 9.4 36 0.04 3.3719 3e+02 67 46
SKASUR 0 0 1000 -10 0.4-2.0arcsec 1 natural 0 3.1 10.00 3.22 110.24 2.69 5.7 4.1 0.25 1.1515 1.8e+02 1.9e+02 1.4e+02
SKASUR1 0 0 800 -50 0.4-1.0arcsec 0 natural 0 55 11.69 0.21 1641.07 0.70 1e+02 3.2 0.51 1.0662 3.2e+03 0.82 14
SKA1V8-C9B120 0 0 1400 -50 3.0-4.0arcsec 4 natural 0 1.8 7.90 4.31 46.68 4.14 3.3 35 0.09 3.3338 1.1e+02 6.5 21
SKASUR 0 0 1000 -50 0.4-1.0arcsec 0 natural 0 5.6 10.00 1.79 398.05 1.42 10 2.1 0.25 0.8348 3.2e+02 58 45
SKASUR1 0 0 1000 -50 3.0-10.0arcsec 5 natural 0 2.7 10.00 3.69 79.72 3.17 4.9 93 0.01 5.4398 1.6e+02 2.4e+02 1.8e+02
SKA1W8-C9B120 0 0 650 -10 10.0-100.0arcsec 7 natural 0 1.1 13.52 12.63 6.48 11.11 2 1.9e+03 0.04 24.6462 62 2.6e+02 1.5e+02
SKA1V8 0 0 650 -30 0.4-1.0arcsec 0 natural 0 1.9 13.52 7.01 16.80 6.90 3.5 1.5 0.16 0.6906 1.1e+02 80 49
SKA1V8-C9B120 0 0 1400 -50 10.0-60.0arcmin 8 natural 0 7.7 7.90 1.03 262.00 1.75 14 1.6e+06 0.03 715.5258 4.4e+02 0.37 5.6
SKA1V8-C9B120 0 0 650 -50 3.0-10.0arcsec 5 natural 0 1.4 13.52 9.64 10.51 8.72 2.6 77 0.05 4.9414 81 1.5e+02 88
SKA1W8-12C0B120 0 0 800 -10 10.0-100.0arcsec 7 natural 0 1.1 11.69 11.03 6.38 11.20 1.9 2.2e+03 0.06 26.7511 61 1.3e+02 1.5e+02
SKA1W8-C9B120 0 0 800 -50 3.0-4.0arcsec 4 natural 0 3.5 11.69 3.31 64.40 3.52 6.4 35 0.03 3.3595 2e+02 12 14
SKASUR 0 0 1400 -50 3.0-4.0arcsec 4 natural 0 5.2 7.90 1.52 326.01 1.57 9.5 36 0.09 3.3678 3e+02 42 46
SKA1W8-C9B120 0 0 800 -30 10.0-100.0arcsec 7 natural 0 1.1 11.69 10.72 6.65 10.97 2 1.9e+03 0.04 24.2744 63 1.2e+02 1.5e+02
SKA1W8 0 0 800 -30 10.0-100.0arcsec 7 natural 0 1 11.69 11.16 6.12 11.43 1.9 2.2e+03 0.01 26.4893 60 1.3e+02 1.5e+02
SKASUR1 0 0 650 -30 1.0-2.0arcsec 2 natural 0 9.9 13.52 1.37 273.35 1.71 18 10 0.47 1.8825 5.7e+02 34 56
SKA1W8-12C0B120 0 0 1000 -10 0.4-2.0arcsec 1 natural 0 0.97 10.00 10.32 5.39 12.19 1.8 1.8 0.05 0.7536 56 73 1.7e+02
SKA1V8-C9B120 0 0 800 -50 3.0-4.0arcsec 4 natural 0 3 11.69 3.96 46.68 4.14 5.4 35 0.04 3.3587 1.7e+02 17 21
SKA1W8-12C0B120 0 0 800 -10 0.4-1.0arcsec 0 natural 0 1.3 11.69 9.18 8.92 9.47 2.3 1.7 0.06 0.7281 73 90 83
SKASUR 0 0 1000 -30 3.0-4.0arcsec 4 natural 0 5.4 10.00 1.85 347.93 1.52 9.8 36 0.09 3.3764 3.1e+02 62 43
SKA1V8-C9B120 0 0 800 -30 10.0-60.0arcmin 8 natural 0 6.6 11.69 1.78 260.61 1.75 12 2e+06 0.01 790.8395 3.8e+02 3.4 5.6
SKA1W8-12C0B120 0 0 1000 -30 10.0-100.0arcsec 7 natural 0 1.1 10.00 9.45 6.16 11.40 1.9 2.6e+03 0.02 28.8972 61 61 1.6e+02
SKA1W8-12C0B120 0 0 650 -50 10.0-60.0arcsec 6 natural 0 1.3 13.52 10.63 8.53 9.68 2.3 1.4e+03 0.05 20.8558 73 1.8e+02 1.1e+02
SKA1W8 0 0 800 -50 10.0-60.0arcsec 6 natural 0 1.2 11.69 9.46 8.29 9.83 2.3 1.3e+03 0.04 20.3845 71 96 1.1e+02
SKA1V8-C9B120 0 0 1000 -30 3.0-10.0arcsec 5 natural 0 1.3 10.00 7.46 10.34 8.80 2.4 85 0.06 5.1899 77 38 89
SKA1V8-C9B120 0 0 1400 -30 10.0-60.0arcmin 8 natural 0 7.6 7.90 1.04 260.61 1.75 14 1.6e+06 0.02 714.5147 4.4e+02 0.38 5.6
SKA1V8-C9B120 0 0 1000 -30 2.0-3.0arcsec 3 natural 0 2.4 10.00 4.10 31.01 5.08 4.4 17 0.07 2.3420 1.4e+02 12 31
SKASUR 0 0 1000 -30 10.0-60.0arcmin 8 natural 0 53 10.00 0.19 16369.08 0.22 97 2.7e+06 0.25 933.7548 3.1e+03 0.63 0.98
SKA1W8 0 0 650 -30 2.0-3.0arcsec 3 natural 0 2.8 13.52 4.85 45.67 4.19 5.1 17 0.05 2.3500 1.6e+02 38 22
SKA1W8-V2 0 0 1000 -30 0.4-2.0arcsec 1 natural 0 1.1 10.00 9.44 6.48 11.11 1.9 1.8 0.11 0.7588 61 61 1.3e+02
SKASUR 0 0 650 -50 0.4-2.0arcsec 1 natural 0 5.8 13.52 2.34 113.00 2.66 11 7.1 0.27 1.5265 3.3e+02 99 1.3e+02
SKA1V8-C9B120 0 0 1000 -50 0.4-1.0arcsec 0 natural 0 1.7 10.00 5.99 17.45 6.77 3 1.2 0.07 0.6303 96 25 40
SKA1W8 0 0 800 -30 2.0-3.0arcsec 3 natural 0 2.9 11.69 4.04 45.67 4.19 5.3 17 0.05 2.3377 1.7e+02 17 22
SKA1W8 0 0 1000 -50 10.0-60.0arcsec 6 natural 0 1.3 10.00 7.98 8.29 9.83 2.3 1.5e+03 0.02 21.8602 72 44 1.1e+02
SKA1W8-V2 0 0 1000 -30 10.0-60.0arcmin 8 natural 0 8.4 10.00 1.20 259.26 1.76 15 1.9e+06 0.03 776.1893 4.8e+02 0.98 5.6
SKA1V8 0 0 650 -10 10.0-60.0arcmin 8 natural 0 5 13.52 2.70 230.68 1.86 9.1 2.1e+06 0.02 818.8186 2.9e+02 12 6.3
SKA1W8-C9B120 0 0 800 -50 10.0-100.0arcsec 7 natural 0 1.1 11.69 10.88 6.53 11.07 2 1.9e+03 0.02 24.4036 62 1.3e+02 1.5e+02
SKA1V8-C9B120 0 0 1400 -30 10.0-100.0arcsec 7 natural 0 0.67 7.90 11.77 5.65 11.90 1.2 1.8e+03 0.00 24.2537 39 48 1.8e+02
SKA1W8-C9B120 0 0 1000 -10 0.4-2.0arcsec 1 natural 0 1 10.00 9.57 6.50 11.09 1.9 1.6 0.06 0.7155 60 63 1.3e+02
SKA1V8-C9B120 0 0 650 -30 10.0-60.0arcmin 8 natural 0 5.3 13.52 2.57 260.61 1.75 9.6 2.1e+06 0.00 815.3443 3e+02 11 5.6
SKA1V8 0 0 1400 -10 2.0-3.0arcsec 3 natural 0 1.6 7.90 5.01 36.11 4.71 2.9 17 0.08 2.3459 91 8.8 26
SKA1W8-V2 0 0 1000 -30 3.0-4.0arcsec 4 natural 0 3 10.00 3.28 68.06 3.43 5.5 35 0.12 3.3333 1.8e+02 7.4 14
SKASUR 0 0 800 -10 10.0-60.0arcmin 8 natural 0 48 11.69 0.25 15023.26 0.23 87 3e+06 0.27 984.2465 2.7e+03 1.1 1.1
SKA1W8-12C0B120 0 0 1400 -30 10.0-60.0arcmin 8 natural 0 7.6 7.90 1.04 258.22 1.76 14 1.6e+06 0.02 716.1607 4.4e+02 0.38 5.7
SKA1V8-C9B120 0 0 800 -10 0.4-1.0arcsec 0 natural 0 2 11.69 5.92 18.19 6.63 3.6 1.6 0.02 0.7197 1.1e+02 38 37
SKA1W8-V2 0 0 650 -50 0.4-1.0arcsec 0 natural 0 1.8 13.52 7.68 10.67 8.66 3.2 2 0.11 0.8084 1e+02 96 67
SKA1W8 0 0 800 -30 1.0-2.0arcsec 2 natural 0 1.9 11.69 6.24 19.02 6.49 3.4 5.2 0.07 1.2877 1.1e+02 42 62
SKA1V8 0 0 1400 -30 1.0-2.0arcsec 2 natural 0 1.2 7.90 6.49 21.33 6.12 2.2 5.5 0.08 1.3187 70 15 44
SKA1W8 0 0 1400 -10 2.0-3.0arcsec 3 natural 0 1.8 7.90 4.35 46.14 4.16 3.3 17 0.09 2.3490 1e+02 6.6 21
SKASUR1 0 0 1000 -50 10.0-60.0arcsec 6 natural 0 2.6 10.00 3.90 56.44 3.77 4.7 8.4e+02 0.10 16.3893 1.5e+02 2.7e+02 2.7e+02
SKASUR 0 0 650 -50 0.4-1.0arcsec 0 natural 0 27 13.52 0.49 398.05 1.42 50 2.6 0.30 0.9181 1.6e+03 4.4 45
SKA1W8-C9B120 0 0 1000 -50 0.4-1.0arcsec 0 natural 0 1.2 10.00 8.07 9.76 9.05 2.3 1.2 0.09 0.6098 71 45 83
SKASUR 0 0 1400 -50 10.0-60.0arcmin 8 natural 0 59 7.90 0.13 17026.35 0.22 1.1e+02 1.8e+06 0.14 753.1752 3.4e+03 0.33 0.96
SKASUR1 0 0 650 -30 3.0-4.0arcsec 4 natural 0 11 13.52 1.29 456.51 1.32 19 36 0.10 3.3776 6.1e+02 30 32
SKA1W8 0 0 1000 -30 10.0-60.0arcsec 6 natural 0 1.2 10.00 8.28 8.35 9.79 2.2 1.5e+03 0.02 21.8703 70 47 1.1e+02
SKA1W8-C9B120 0 0 1000 -30 10.0-60.0arcmin 8 natural 0 8.4 10.00 1.19 262.39 1.75 15 1.9e+06 0.03 776.2460 4.9e+02 0.96 5.6
SKASUR 0 0 650 -10 3.0-4.0arcsec 4 natural 0 9.4 13.52 1.44 354.12 1.50 17 35 0.10 3.3420 5.4e+02 38 42
SKASUR1 0 0 800 -50 0.4-2.0arcsec 1 natural 0 7 11.69 1.68 191.85 2.04 13 8.6 0.34 1.6924 4e+02 51 80
SKA1V8-C9B120 0 0 1000 -30 0.4-2.0arcsec 1 natural 0 1.2 10.00 8.35 8.44 9.74 2.2 2.2 0.09 0.8406 69 48 97
SKA1W8 0 0 800 -50 10.0-100.0arcsec 7 natural 0 1 11.69 11.39 6.00 11.55 1.9 2.2e+03 0.02 26.5426 59 1.4e+02 1.6e+02
SKASUR 0 0 800 -50 10.0-60.0arcsec 6 natural 0 3.9 11.69 2.99 94.93 2.90 7.1 7.8e+02 0.06 15.8138 2.3e+02 1.6e+02 1.7e+02
SKA1W8 0 0 650 -30 10.0-60.0arcmin 8 natural 0 5.3 13.52 2.54 259.65 1.76 9.7 2.1e+06 0.01 814.6447 3.1e+02 11 5.6
SKA1W8-12C0B120 0 0 1400 -50 10.0-100.0arcsec 7 natural 0 0.66 7.90 12.01 6.04 11.51 1.2 2.5e+03 0.00 28.1267 38 50 1.6e+02
SKA1W8-V2 0 0 1400 -10 10.0-60.0arcmin 8 natural 0 7.1 7.90 1.12 231.19 1.86 13 1.7e+06 0.02 727.6049 4.1e+02 0.44 6.2
SKA1W8-V2 0 0 1400 -30 0.4-2.0arcsec 1 natural 0 0.64 7.90 12.33 6.48 11.11 1.2 1.3 0.10 0.6381 37 53 1.3e+02
SKA1W8-12C0B120 0 0 650 -30 3.0-4.0arcsec 4 natural 0 3.6 13.52 3.74 63.84 3.54 6.6 35 0.01 3.3263 2.1e+02 23 14
SKA1W8-V2 0 0 800 -50 1.0-2.0arcsec 2 natural 0 1.6 11.69 7.09 15.47 7.19 3 5.2 0.01 1.2903 95 54 77
SKASUR1 0 0 1400 -50 3.0-10.0arcsec 5 natural 0 2.6 7.90 3.09 79.72 3.17 4.7 95 0.11 5.5068 1.5e+02 1.7e+02 1.8e+02
SKA1W8-C9B120 0 0 800 -10 0.4-1.0arcsec 0 natural 0 1.3 11.69 8.67 10.27 8.82 2.5 1.6 0.07 0.7117 78 81 74
SKA1V8 0 0 1400 -30 0.4-2.0arcsec 1 natural 0 0.78 7.90 10.18 9.18 9.34 1.4 1.8 0.08 0.7568 45 36 95
SKA1W8 0 0 1400 -50 1.0-2.0arcsec 2 natural 0 1.3 7.90 5.89 18.67 6.55 2.4 5.5 0.07 1.3238 77 12 64
SKA1W8-12C0B120 0 0 1000 -10 3.0-10.0arcsec 5 natural 0 1.6 10.00 6.36 14.33 7.47 2.9 74 0.05 4.8624 91 28 66
SKA1W8-V2 0 0 1000 -50 0.4-2.0arcsec 1 natural 0 1 10.00 9.54 6.31 11.26 1.9 1.8 0.09 0.7651 60 62 1.4e+02
SKA1V8-C9B120 0 0 1000 -10 1.0-2.0arcsec 2 natural 0 1.8 10.00 5.51 18.03 6.66 3.3 5.6 0.06 1.3383 1e+02 21 52
SKA1W8-V2 0 0 1000 -10 10.0-100.0arcsec 7 natural 0 1 10.00 9.54 6.14 11.41 1.9 2.7e+03 0.06 29.3548 60 62 1.5e+02
SKASUR 0 0 1000 -50 2.0-3.0arcsec 3 natural 0 5.3 10.00 1.88 281.03 1.69 9.7 18 0.10 2.3773 3.1e+02 64 52
SKA1W8-12C0B120 0 0 650 -50 0.4-2.0arcsec 1 natural 0 1 13.52 13.08 5.48 12.08 1.9 3.3 0.09 1.0233 60 2.8e+02 1.6e+02
SKA1W8 0 0 800 -50 2.0-3.0arcsec 3 natural 0 2.9 11.69 4.07 45.40 4.20 5.2 17 0.07 2.3405 1.7e+02 18 22
SKASUR1 0 0 800 -50 1.0-2.0arcsec 2 natural 0 8.6 11.69 1.36 290.66 1.66 16 7.8 0.35 1.6090 5e+02 33 54
SKA1V8 0 0 800 -30 1.0-2.0arcsec 2 natural 0 1.9 11.69 6.02 21.33 6.12 3.5 5.8 0.07 1.3559 1.1e+02 39 44
SKA1W8-12C0B120 0 0 650 -50 3.0-4.0arcsec 4 natural 0 3.6 13.52 3.78 63.73 3.54 6.5 35 0.08 3.3283 2.1e+02 23 14
SKA1W8-12C0B120 0 0 1000 -50 10.0-60.0arcsec 6 natural 0 1.2 10.00 8.06 8.53 9.68 2.3 1.5e+03 0.02 22.1512 71 45 1.1e+02
SKA1W8-V2 0 0 1400 -50 0.4-2.0arcsec 1 natural 0 0.64 7.90 12.36 6.31 11.26 1.2 1.3 0.08 0.6382 37 53 1.4e+02
SKA1V8-C9B120 0 0 1000 -50 3.0-4.0arcsec 4 natural 0 2.9 10.00 3.47 46.68 4.14 5.2 35 0.06 3.3484 1.7e+02 8.3 21
SKA1W8-C9B120 0 0 650 -50 3.0-10.0arcsec 5 natural 0 1.6 13.52 8.26 13.62 7.66 3 79 0.06 5.0282 94 1.1e+02 65
SKA1W8 0 0 650 -30 3.0-4.0arcsec 4 natural 0 3.4 13.52 3.98 65.79 3.49 6.2 35 0.06 3.3564 2e+02 26 15
SKASUR 0 0 650 -30 1.0-2.0arcsec 2 natural 0 6.4 13.52 2.11 177.35 2.12 12 6.5 0.29 1.4600 3.7e+02 80 83
SKA1W8-C9B120 0 0 1400 -10 10.0-60.0arcsec 6 natural 0 0.79 7.90 10.00 8.62 9.64 1.4 1.4e+03 0.01 21.4753 46 35 1.1e+02
SKA1V8 0 0 650 -30 0.4-2.0arcsec 1 natural 0 1.4 13.52 9.87 9.18 9.34 2.5 2.6 0.13 0.9107 79 1.6e+02 95
SKASUR1 0 0 1000 -30 10.0-60.0arcmin 8 natural 0 60 10.00 0.17 19257.87 0.20 1.1e+02 2.5e+06 0.16 903.8774 3.5e+03 0.5 0.86
SKA1W8-V2 0 0 1000 -50 3.0-10.0arcsec 5 natural 0 1.6 10.00 6.14 15.40 7.21 3 76 0.07 4.9193 94 26 60
SKA1V8-C9B120 0 0 800 -50 10.0-60.0arcmin 8 natural 0 6.5 11.69 1.80 262.00 1.75 12 2e+06 0.00 792.9163 3.7e+02 3.5 5.6
SKA1W8 0 0 1400 -30 1.0-2.0arcsec 2 natural 0 1.3 7.90 5.95 19.02 6.49 2.4 5.5 0.08 1.3295 76 12 62
SKA1W8-12C0B120 0 0 650 -30 2.0-3.0arcsec 3 natural 0 2.4 13.52 5.66 36.39 4.69 4.4 17 0.06 2.3214 1.4e+02 52 28
SKASUR 0 0 1400 -30 1.0-2.0arcsec 2 natural 0 4.1 7.90 1.92 177.35 2.12 7.5 5.5 0.18 1.3255 2.4e+02 66 83
SKA1W8 0 0 650 -50 3.0-10.0arcsec 5 natural 0 1.7 13.52 7.81 15.27 7.24 3.2 75 0.06 4.8958 1e+02 99 59
SKASUR1 0 0 1400 -10 2.0-3.0arcsec 3 natural 0 5.8 7.90 1.35 373.12 1.46 11 18 0.24 2.4206 3.4e+02 33 39
SKA1W8-V2 0 0 650 -10 0.4-2.0arcsec 1 natural 0 1.1 13.52 11.84 6.50 11.10 2.1 3.5 0.04 1.0627 66 2.3e+02 1.4e+02
SKA1W8-C9B120 0 0 1400 -30 10.0-60.0arcmin 8 natural 0 7.8 7.90 1.01 262.39 1.75 14 1.6e+06 0.02 714.5147 4.5e+02 0.36 5.6
SKA1V8 0 0 800 -30 10.0-60.0arcsec 6 natural 0 1.2 11.69 10.16 7.49 10.34 2.1 1.2e+03 0.01 19.5872 66 1.1e+02 1.3e+02
SKASUR 0 0 650 -10 10.0-100.0arcsec 7 natural 0 3.3 13.52 4.06 83.83 3.09 6.1 8.6e+02 0.06 16.5621 1.9e+02 3e+02 1.9e+02
SKA1W8-V2 0 0 1400 -30 3.0-10.0arcsec 5 natural 0 1.1 7.90 7.31 15.82 7.11 2 89 0.03 5.3101 62 19 60
SKASUR 0 0 1000 -30 0.4-1.0arcsec 0 natural 0 5.2 10.00 1.91 362.32 1.49 9.5 2.1 0.34 0.8443 3e+02 66 48
SKA1W8 0 0 650 -50 3.0-4.0arcsec 4 natural 0 3.5 13.52 3.84 69.70 3.39 6.4 35 0.03 3.3440 2e+02 24 14
SKA1V8-C9B120 0 0 800 -30 2.0-3.0arcsec 3 natural 0 2.4 11.69 4.91 31.01 5.08 4.3 17 0.07 2.3409 1.4e+02 26 31
SKA1W8-V2 0 0 800 -30 0.4-1.0arcsec 0 natural 0 1.4 11.69 8.21 10.80 8.61 2.6 1.7 0.13 0.7330 82 72 68
SKASUR 0 0 1400 -30 0.4-1.0arcsec 0 natural 0 4.1 7.90 1.93 362.32 1.49 7.4 1.5 0.28 0.7019 2.4e+02 67 48
SKA1W8 0 0 1400 -50 10.0-60.0arcsec 6 natural 0 0.74 7.90 10.71 8.29 9.83 1.3 1.6e+03 0.01 22.6728 42 40 1.1e+02
SKA1W8-C9B120 0 0 650 -50 10.0-60.0arcsec 6 natural 0 1.3 13.52 10.81 8.72 9.58 2.3 1.2e+03 0.00 19.9445 72 1.9e+02 1.1e+02
SKA1V8 0 0 1400 -10 10.0-60.0arcsec 6 natural 0 0.72 7.90 10.98 7.37 10.42 1.3 1.4e+03 0.04 21.4157 41 42 1.3e+02
SKA1W8-V2 0 0 650 -30 3.0-10.0arcsec 5 natural 0 1.7 13.52 7.96 15.82 7.11 3.1 74 0.07 4.8601 98 1e+02 60
SKA1V8-C9B120 0 0 1000 -30 10.0-100.0arcsec 7 natural 0 1 10.00 9.74 5.65 11.90 1.9 1.8e+03 0.02 23.9841 59 65 1.8e+02
SKASUR 0 0 1400 -50 0.4-2.0arcsec 1 natural 0 2.8 7.90 2.84 113.00 2.66 5.1 2.8 0.23 0.9527 1.6e+02 1.5e+02 1.3e+02
SKASUR 0 0 1000 -30 2.0-3.0arcsec 3 natural 0 5.4 10.00 1.85 276.84 1.70 9.9 17 0.01 2.3584 3.1e+02 61 53
SKA1V8 0 0 650 -10 10.0-60.0arcsec 6 natural 0 1.2 13.52 11.74 7.37 10.42 2.1 1.3e+03 0.08 20.1901 66 2.2e+02 1.3e+02
SKA1W8-12C0B120 0 0 800 -50 3.0-4.0arcsec 4 natural 0 3.3 11.69 3.57 63.73 3.54 6 37 0.08 3.4225 1.9e+02 14 14
SKA1W8-12C0B120 0 0 800 -50 3.0-10.0arcsec 5 natural 0 1.6 11.69 7.26 14.55 7.42 2.9 77 0.07 4.9533 93 56 64
SKA1W8-V2 0 0 800 -30 3.0-10.0arcsec 5 natural 0 1.7 11.69 7.01 15.82 7.11 3 76 0.08 4.9199 96 53 60
SKA1W8-V2 0 0 650 -10 10.0-100.0arcsec 7 natural 0 1.1 13.52 12.76 6.14 11.41 1.9 2.4e+03 0.10 27.5981 61 2.6e+02 1.5e+02
SKA1W8-V2 0 0 1000 -10 1.0-2.0arcsec 2 natural 0 1.9 10.00 5.36 15.46 7.19 3.4 5.4 0.10 1.3138 1.1e+02 20 78
SKASUR1 0 0 1000 -50 2.0-3.0arcsec 3 natural 0 5.6 10.00 1.77 344.70 1.52 10 17 0.06 2.3606 3.3e+02 56 43
SKA1W8 0 0 800 -10 10.0-60.0arcmin 8 natural 0 6.1 11.69 1.91 231.09 1.86 11 2e+06 0.01 798.3992 3.5e+02 3.9 6.2
SKA1W8-V2 0 0 1400 -50 3.0-10.0arcsec 5 natural 0 1 7.90 7.60 15.40 7.21 1.9 86 0.01 5.2416 60 20 60
SKA1W8-C9B120 0 0 650 -50 3.0-4.0arcsec 4 natural 0 3.5 13.52 3.87 64.40 3.52 6.4 35 0.03 3.3379 2e+02 24 14
SKASUR1 0 0 1400 -10 3.0-4.0arcsec 4 natural 0 6.2 7.90 1.27 497.51 1.27 11 35 0.05 3.3543 3.6e+02 29 30
SKA1W8 0 0 650 -30 10.0-100.0arcsec 7 natural 0 1.1 13.52 12.77 6.12 11.43 1.9 2.2e+03 0.03 26.5850 61 2.6e+02 1.5e+02
SKASUR1 0 0 1000 -10 10.0-100.0arcsec 7 natural 0 2.5 10.00 3.99 52.31 3.91 4.6 9.1e+02 0.11 17.0445 1.4e+02 2.9e+02 2.9e+02
SKA1W8-C9B120 0 0 650 -30 1.0-2.0arcsec 2 natural 0 1.6 13.52 8.49 18.83 6.52 2.9 4.8 0.02 1.2304 92 1.2e+02 63
SKA1V8 0 0 800 -50 0.4-2.0arcsec 1 natural 0 1.3 11.69 9.12 8.97 9.44 2.3 2.1 0.11 0.8103 74 89 97
SKA1V8 0 0 800 -10 3.0-10.0arcsec 5 natural 0 1.5 11.69 7.82 12.07 8.14 2.7 79 0.02 5.0104 86 66 75
SKA1W8-12C0B120 0 0 800 -50 0.4-1.0arcsec 0 natural 0 1.3 11.69 9.29 8.82 9.52 2.3 1.7 0.11 0.7305 73 92 84
SKASUR 0 0 800 -30 0.4-1.0arcsec 0 natural 0 11 11.69 1.04 362.32 1.49 20 2.8 0.39 0.9715 6.4e+02 20 48
SKA1W8-12C0B120 0 0 1000 -10 1.0-2.0arcsec 2 natural 0 1.7 10.00 5.79 13.21 7.78 3.1 5.3 0.07 1.2980 1e+02 23 92
SKA1V8-C9B120 0 0 800 -30 3.0-4.0arcsec 4 natural 0 2.9 11.69 4.00 46.79 4.13 5.3 35 0.06 3.3629 1.7e+02 17 20
SKA1W8-12C0B120 0 0 1000 -50 3.0-4.0arcsec 4 natural 0 2.8 10.00 3.51 63.73 3.54 5.2 35 0.13 3.3523 1.6e+02 8.5 14
SKA1W8-C9B120 0 0 650 -10 10.0-60.0arcmin 8 natural 0 5.1 13.52 2.68 237.81 1.83 9.2 2.1e+06 0.01 820.0382 2.9e+02 12 6.1
SKA1W8-12C0B120 0 0 650 -30 10.0-60.0arcsec 6 natural 0 1.3 13.52 10.67 8.47 9.72 2.3 1.4e+03 0.05 20.8895 73 1.8e+02 1.1e+02
SKA1V8 0 0 1000 -10 0.4-1.0arcsec 0 natural 0 1.7 10.00 6.00 16.93 6.87 3 1.1 0.05 0.5804 96 25 47
SKA1V8 0 0 800 -50 10.0-60.0arcsec 6 natural 0 1.2 11.69 10.15 7.34 10.44 2.1 1.2e+03 0.03 19.6513 66 1.1e+02 1.3e+02
SKA1W8 0 0 650 -10 10.0-60.0arcsec 6 natural 0 1.3 13.52 10.72 8.27 9.84 2.3 1.3e+03 0.10 20.7536 73 1.9e+02 1.1e+02
SKASUR 0 0 650 -50 2.0-3.0arcsec 3 natural 0 8.2 13.52 1.65 281.03 1.69 15 17 0.17 2.3578 4.7e+02 49 52
SKA1W8 0 0 1400 -50 10.0-60.0arcmin 8 natural 0 7.7 7.90 1.03 257.85 1.76 14 1.6e+06 0.03 717.3603 4.4e+02 0.37 5.6
SKA1V8 0 0 1000 -50 0.4-2.0arcsec 1 natural 0 1.3 10.00 7.99 8.97 9.44 2.3 1.9 0.07 0.7701 72 44 97
SKASUR 0 0 800 -10 1.0-2.0arcsec 2 natural 0 6.1 11.69 1.91 181.11 2.10 11 5.7 0.24 1.3609 3.5e+02 65 81
SKASUR1 0 0 1000 -30 0.4-2.0arcsec 1 natural 0 4.1 10.00 2.42 194.27 2.03 7.5 6.2 0.36 1.4347 2.4e+02 1.1e+02 78
SKA1W8 0 0 800 -50 1.0-2.0arcsec 2 natural 0 1.9 11.69 6.16 18.67 6.55 3.5 5.3 0.04 1.2969 1.1e+02 41 64
SKA1W8 0 0 1000 -30 10.0-100.0arcsec 7 natural 0 1 10.00 9.57 6.12 11.43 1.9 2.5e+03 0.02 28.2338 60 63 1.5e+02
SKA1W8-12C0B120 0 0 800 -10 0.4-2.0arcsec 1 natural 0 0.99 11.69 11.83 5.39 12.19 1.8 2.5 0.04 0.8901 57 1.5e+02 1.7e+02
SKA1W8 0 0 1000 -50 1.0-2.0arcsec 2 natural 0 2 10.00 4.95 18.67 6.55 3.7 5.4 0.07 1.3132 1.2e+02 17 64
SKA1W8-C9B120 0 0 1000 -30 0.4-1.0arcsec 0 natural 0 1.2 10.00 8.23 9.54 9.16 2.2 1.1 0.12 0.6059 70 46 87
SKA1V8 0 0 1000 -50 10.0-100.0arcsec 7 natural 0 1 10.00 9.89 5.50 12.06 1.8 2.1e+03 0.02 26.0373 58 67 1.8e+02
SKA1V8 0 0 800 -30 0.4-2.0arcsec 1 natural 0 1.3 11.69 9.17 9.18 9.34 2.3 2 0.13 0.8046 73 90 95
SKA1V8-C9B120 0 0 1400 -10 0.4-2.0arcsec 1 natural 0 0.69 7.90 11.41 8.73 9.57 1.3 1.8 0.04 0.7662 40 46 90
SKA1W8-12C0B120 0 0 800 -30 0.4-1.0arcsec 0 natural 0 1.3 11.69 9.24 8.68 9.60 2.3 1.6 0.12 0.7218 73 91 86
SKA1V8 0 0 1000 -30 10.0-60.0arcmin 8 natural 0 8.3 10.00 1.20 261.19 1.75 15 1.9e+06 0.03 776.1893 4.8e+02 0.99 5.5
SKASUR1 0 0 650 -50 0.4-1.0arcsec 0 natural 0 1.2e+02 13.52 0.11 1641.07 0.70 2.2e+02 4.7 0.66 1.4036 7.1e+03 0.22 14
SKASUR 0 0 1400 -10 10.0-60.0arcmin 8 natural 0 56 7.90 0.14 15023.26 0.23 1e+02 1.9e+06 0.21 793.4179 3.2e+03 0.36 1.1
SKASUR1 0 0 1000 -50 0.4-2.0arcsec 1 natural 0 4.1 10.00 2.45 191.85 2.04 7.4 6.6 0.30 1.4723 2.4e+02 1.1e+02 80
SKA1W8-V2 0 0 650 -30 10.0-100.0arcsec 7 natural 0 1.1 13.52 12.78 6.05 11.50 1.9 2.4e+03 0.04 27.5449 61 2.7e+02 1.5e+02
SKASUR1 0 0 800 -10 0.4-1.0arcsec 0 natural 0 48 11.69 0.24 1398.98 0.76 87 2.8 0.48 0.9988 2.8e+03 1.1 15
SKA1W8-C9B120 0 0 800 -10 1.0-2.0arcsec 2 natural 0 1.8 11.69 6.39 17.57 6.75 3.3 5.2 0.06 1.2900 1.1e+02 44 69
SKA1W8 0 0 1400 -50 3.0-4.0arcsec 4 natural 0 2.3 7.90 3.48 69.70 3.39 4.1 35 0.07 3.3273 1.3e+02 4.2 14
SKASUR 0 0 650 -10 0.4-2.0arcsec 1 natural 0 5.7 13.52 2.37 110.24 2.69 10 6.8 0.27 1.4915 3.3e+02 1e+02 1.4e+02
SKASUR1 0 0 800 -30 1.0-2.0arcsec 2 natural 0 8.1 11.69 1.43 273.35 1.71 15 7.9 0.42 1.6442 4.7e+02 37 56
SKASUR1 0 0 1400 -50 0.4-2.0arcsec 1 natural 0 3.5 7.90 2.29 191.85 2.04 6.3 4.5 0.24 1.2021 2e+02 94 80
SKA1W8-V2 0 0 800 -10 1.0-2.0arcsec 2 natural 0 1.7 11.69 7.08 15.46 7.19 3 5.2 0.05 1.2882 95 54 78
SKA1V8 0 0 650 -10 1.0-2.0arcsec 2 natural 0 2 13.52 6.92 20.84 6.20 3.6 5.5 0.04 1.3284 1.1e+02 78 45
SKA1V8-C9B120 0 0 1400 -10 3.0-10.0arcsec 5 natural 0 0.84 7.90 9.40 10.48 8.74 1.5 85 0.03 5.1950 48 31 87
SKA1W8-V2 0 0 1400 -30 1.0-2.0arcsec 2 natural 0 1.2 7.90 6.37 15.68 7.14 2.3 5 0.07 1.2674 72 14 75
SKA1V8-C9B120 0 0 650 -50 0.4-2.0arcsec 1 natural 0 1.4 13.52 9.74 8.48 9.71 2.5 3.8 0.07 1.0954 80 1.5e+02 95
SKA1W8 0 0 1000 -30 3.0-10.0arcsec 5 natural 0 1.6 10.00 6.17 15.27 7.24 3 87 0.06 5.2693 93 26 59
SKA1W8-V2 0 0 800 -30 10.0-60.0arcmin 8 natural 0 6.4 11.69 1.82 259.26 1.76 12 2e+06 0.01 791.7114 3.7e+02 3.5 5.6
SKA1W8-12C0B120 0 0 1400 -10 10.0-60.0arcsec 6 natural 0 0.77 7.90 10.32 8.63 9.63 1.4 1.6e+03 0.05 22.8180 44 37 1.1e+02
SKA1W8-C9B120 0 0 1000 -30 10.0-100.0arcsec 7 natural 0 1.1 10.00 9.05 6.65 10.97 2 2.1e+03 0.06 25.8498 64 56 1.5e+02
SKA1V8-C9B120 0 0 1000 -10 3.0-10.0arcsec 5 natural 0 1.4 10.00 7.31 10.48 8.74 2.5 82 0.03 5.1238 79 37 87
SKA1W8-C9B120 0 0 1000 -10 10.0-60.0arcsec 6 natural 0 1.3 10.00 7.94 8.62 9.64 2.3 1.3e+03 0.04 20.4089 73 43 1.1e+02
SKA1W8 0 0 800 -10 3.0-4.0arcsec 4 natural 0 3.5 11.69 3.35 69.37 3.40 6.4 35 0.05 3.3359 2e+02 12 14
SKA1W8-12C0B120 0 0 1400 -30 0.4-1.0arcsec 0 natural 0 0.7 7.90 11.29 8.68 9.60 1.3 0.91 0.10 0.5387 40 45 86
SKASUR 0 0 800 -30 2.0-3.0arcsec 3 natural 0 8 11.69 1.46 276.84 1.70 15 17 0.19 2.3717 4.6e+02 38 53
SKA1W8-V2 0 0 1000 -10 0.4-2.0arcsec 1 natural 0 1.1 10.00 9.32 6.50 11.10 2 1.9 0.05 0.7765 62 60 1.4e+02
SKA1W8-V2 0 0 1000 -10 10.0-60.0arcsec 6 natural 0 1.3 10.00 8.00 8.78 9.55 2.3 1.5e+03 0.03 22.1672 72 44 1e+02
SKA1V8 0 0 800 -30 10.0-100.0arcsec 7 natural 0 0.98 11.69 11.94 5.56 12.00 1.8 1.9e+03 0.01 24.6180 56 1.5e+02 1.8e+02
SKASUR1 0 0 800 -50 3.0-10.0arcsec 5 natural 0 4.2 11.69 2.79 79.72 3.17 7.6 88 0.04 5.2843 2.4e+02 1.4e+02 1.8e+02
SKA1V8 0 0 1400 -30 0.4-1.0arcsec 0 natural 0 1 7.90 7.82 16.80 6.90 1.8 1 0.07 0.5761 58 21 49
SKA1V8-C9B120 0 0 1000 -10 0.4-2.0arcsec 1 natural 0 1.2 10.00 8.13 8.73 9.57 2.2 2.3 0.02 0.8561 71 45 90
SKASUR 0 0 1000 -50 0.4-2.0arcsec 1 natural 0 3.2 10.00 3.11 113.00 2.66 5.9 4.1 0.25 1.1604 1.9e+02 1.7e+02 1.3e+02
SKA1W8-C9B120 0 0 1000 -30 0.4-2.0arcsec 1 natural 0 1 10.00 9.68 6.28 11.28 1.9 1.5 0.12 0.6992 60 64 1.5e+02
SKA1W8-C9B120 0 0 800 -50 3.0-10.0arcsec 5 natural 0 1.6 11.69 7.32 13.62 7.66 2.9 84 0.04 5.1633 92 57 65
SKA1V8 0 0 650 -30 10.0-100.0arcsec 7 natural 0 0.98 13.52 13.83 5.56 12.00 1.8 2e+03 0.03 25.0258 56 3.1e+02 1.8e+02
SKA1V8-C9B120 0 0 650 -10 10.0-60.0arcmin 8 natural 0 5.1 13.52 2.68 234.48 1.85 9.2 2.1e+06 0.01 820.0381 2.9e+02 12 6.2
SKASUR 0 0 1400 -30 3.0-4.0arcsec 4 natural 0 5.1 7.90 1.55 347.93 1.52 9.3 36 0.10 3.3788 2.9e+02 43 43
SKA1V8-C9B120 0 0 1400 -30 0.4-2.0arcsec 1 natural 0 0.7 7.90 11.33 8.44 9.74 1.3 1.8 0.09 0.7591 40 45 97
SKA1W8 0 0 650 -30 0.4-2.0arcsec 1 natural 0 1.1 13.52 11.83 6.75 10.89 2.1 3 0.12 0.9819 66 2.3e+02 1.3e+02
SKA1W8-C9B120 0 0 1400 -10 2.0-3.0arcsec 3 natural 0 1.7 7.90 4.68 42.61 4.33 3.1 18 0.07 2.3835 97 7.7 23
SKA1V8 0 0 650 -10 3.0-4.0arcsec 4 natural 0 3.2 13.52 4.21 54.37 3.84 5.9 35 0.05 3.3621 1.9e+02 29 17
SKA1W8 0 0 800 -50 0.4-1.0arcsec 0 natural 0 1.4 11.69 8.64 10.49 8.73 2.5 1.6 0.10 0.7145 78 80 76
SKA1W8 0 0 800 -30 0.4-2.0arcsec 1 natural 0 1.1 11.69 10.44 6.75 10.89 2 2.2 0.12 0.8373 65 1.2e+02 1.3e+02
SKA1W8-12C0B120 0 0 1400 -50 3.0-10.0arcsec 5 natural 0 1 7.90 7.71 14.55 7.42 1.9 86 0.01 5.2464 59 21 64
SKA1W8 0 0 650 -30 0.4-1.0arcsec 0 natural 0 1.6 13.52 8.72 10.42 8.76 2.8 2 0.15 0.8073 89 1.2e+02 77
SKA1V8-C9B120 0 0 1400 -10 10.0-100.0arcsec 7 natural 0 0.67 7.90 11.75 5.90 11.65 1.2 1.8e+03 0.04 24.0789 39 48 1.7e+02
SKA1W8-12C0B120 0 0 650 -30 10.0-60.0arcmin 8 natural 0 5.3 13.52 2.57 258.22 1.76 9.6 2.1e+06 0.01 814.6447 3e+02 11 5.7
SKA1W8-V2 0 0 800 -30 0.4-2.0arcsec 1 natural 0 1.1 11.69 10.72 6.48 11.11 2 2.5 0.11 0.8945 63 1.2e+02 1.3e+02
SKASUR 0 0 800 -10 0.4-1.0arcsec 0 natural 0 11 11.69 1.04 362.42 1.49 21 2.6 0.30 0.9310 6.5e+02 19 49
SKA1V8 0 0 650 -50 0.4-2.0arcsec 1 natural 0 1.4 13.52 9.99 8.97 9.44 2.5 2.6 0.11 0.9171 78 1.6e+02 97
SKA1V8-C9B120 0 0 800 -30 3.0-10.0arcsec 5 natural 0 1.4 11.69 8.47 10.34 8.80 2.5 80 0.07 5.0570 80 77 89
SKASUR1 0 0 1400 -30 0.4-2.0arcsec 1 natural 0 3.5 7.90 2.28 194.27 2.03 6.3 4 0.30 1.1528 2e+02 93 78
SKASUR1 0 0 800 -30 10.0-100.0arcsec 7 natural 0 3 11.69 3.90 53.86 3.85 5.5 1e+03 0.15 18.1847 1.7e+02 2.7e+02 2.8e+02
SKASUR1 0 0 1000 -10 1.0-2.0arcsec 2 natural 0 4.5 10.00 2.22 270.11 1.72 8.2 6.1 0.36 1.4261 2.6e+02 89 57
SKA1W8-12C0B120 0 0 800 -30 3.0-4.0arcsec 4 natural 0 3.2 11.69 3.62 63.84 3.54 5.9 38 0.11 3.4638 1.9e+02 14 14
SKA1W8-V2 0 0 1400 -50 1.0-2.0arcsec 2 natural 0 1.3 7.90 6.30 15.47 7.19 2.3 5 0.07 1.2653 72 14 77
SKA1V8 0 0 1400 -50 0.4-1.0arcsec 0 natural 0 1 7.90 7.81 16.55 6.95 1.8 1 0.06 0.5766 58 21 50
SKASUR1 0 0 800 -10 10.0-60.0arcmin 8 natural 0 51 11.69 0.23 16917.25 0.22 92 2.8e+06 0.22 943.2798 2.9e+03 0.96 0.99
SKASUR1 0 0 650 -50 3.0-10.0arcsec 5 natural 0 4.5 13.52 3.04 79.72 3.17 8.1 85 0.07 5.2164 2.6e+02 1.7e+02 1.8e+02
SKA1W8-C9B120 0 0 1000 -50 0.4-2.0arcsec 1 natural 0 1.1 10.00 9.49 6.38 11.20 1.9 1.6 0.09 0.7052 61 62 1.4e+02
SKA1V8 0 0 800 -30 10.0-60.0arcmin 8 natural 0 6.5 11.69 1.81 261.19 1.75 12 2e+06 0.01 791.7114 3.7e+02 3.5 5.5
SKASUR 0 0 1000 -10 10.0-60.0arcsec 6 natural 0 3.6 10.00 2.79 89.82 2.98 6.5 8.7e+02 0.07 16.6161 2.1e+02 1.4e+02 1.8e+02
SKA1W8-12C0B120 0 0 1400 -50 0.4-1.0arcsec 0 natural 0 0.7 7.90 11.27 8.82 9.52 1.3 0.91 0.08 0.5394 40 44 84
SKA1W8-V2 0 0 1000 -10 0.4-1.0arcsec 0 natural 0 1.3 10.00 7.61 11.16 8.47 2.4 1.3 0.04 0.6473 76 40 63
SKA1V8-C9B120 0 0 1000 -50 10.0-60.0arcmin 8 natural 0 8.4 10.00 1.20 262.00 1.75 15 1.9e+06 0.02 774.4855 4.8e+02 0.98 5.6
SKA1W8 0 0 650 -10 10.0-60.0arcmin 8 natural 0 5 13.52 2.70 231.09 1.86 9.1 2.1e+06 0.02 818.8186 2.9e+02 12 6.2
SKASUR 0 0 1000 -30 0.4-2.0arcsec 1 natural 0 3.1 10.00 3.23 108.82 2.71 5.6 4.1 0.28 1.1516 1.8e+02 1.9e+02 1.4e+02
SKA1W8-12C0B120 0 0 1400 -10 1.0-2.0arcsec 2 natural 0 1.2 7.90 6.67 13.21 7.78 2.2 5.1 0.05 1.2718 68 16 92
SKA1W8 0 0 1000 -10 1.0-2.0arcsec 2 natural 0 2 10.00 4.99 18.34 6.60 3.7 5.2 0.07 1.2915 1.2e+02 17 65
SKA1W8-C9B120 0 0 650 -30 10.0-60.0arcsec 6 natural 0 1.2 13.52 10.91 8.68 9.60 2.3 1.2e+03 0.00 19.9065 71 1.9e+02 1.1e+02
SKA1W8-C9B120 0 0 1000 -50 3.0-4.0arcsec 4 natural 0 3.2 10.00 3.10 64.40 3.52 5.9 36 0.06 3.3812 1.9e+02 6.6 14
SKA1V8 0 0 1400 -50 10.0-100.0arcsec 7 natural 0 0.65 7.90 12.22 5.50 12.06 1.2 2.1e+03 0.00 26.0946 37 52 1.8e+02
SKA1W8-C9B120 0 0 800 -30 10.0-60.0arcsec 6 natural 0 1.3 11.69 9.34 8.68 9.60 2.3 1.2e+03 0.03 19.4354 72 93 1.1e+02
SKASUR1 0 0 1400 -10 10.0-100.0arcsec 7 natural 0 2.9 7.90 2.69 52.31 3.91 5.4 7.8e+02 0.07 15.7574 1.7e+02 1.3e+02 2.9e+02
SKA1W8 0 0 800 -30 10.0-60.0arcmin 8 natural 0 6.4 11.69 1.82 259.65 1.76 12 2e+06 0.01 791.7114 3.7e+02 3.6 5.6
SKA1W8 0 0 650 -50 0.4-1.0arcsec 0 natural 0 1.6 13.52 8.53 10.49 8.73 2.9 2 0.11 0.8059 91 1.2e+02 76
SKA1W8-C9B120 0 0 650 -10 3.0-4.0arcsec 4 natural 0 3.6 13.52 3.81 64.90 3.51 6.5 35 0.08 3.3518 2e+02 24 14
SKA1W8-V2 0 0 1400 -10 3.0-10.0arcsec 5 natural 0 1.1 7.90 7.52 15.34 7.22 1.9 89 0.09 5.3396 61 20 61
SKA1W8-12C0B120 0 0 1000 -30 0.4-2.0arcsec 1 natural 0 0.97 10.00 10.28 5.48 12.08 1.8 1.7 0.10 0.7358 56 73 1.6e+02
SKA1V8 0 0 1000 -30 0.4-2.0arcsec 1 natural 0 1.3 10.00 7.98 9.18 9.34 2.3 1.9 0.08 0.7713 72 44 95
SKA1W8-12C0B120 0 0 800 -30 3.0-10.0arcsec 5 natural 0 1.6 11.69 7.24 14.69 7.38 2.9 76 0.08 4.9171 93 56 64
SKA1W8 0 0 1400 -50 2.0-3.0arcsec 3 natural 0 1.9 7.90 4.27 45.40 4.20 3.4 17 0.05 2.3469 1.1e+02 6.4 22
SKA1V8-C9B120 0 0 650 -10 1.0-2.0arcsec 2 natural 0 1.8 13.52 7.42 18.03 6.66 3.3 5.5 0.03 1.3277 1.1e+02 89 52
SKA1W8-C9B120 0 0 650 -50 10.0-60.0arcmin 8 natural 0 5.3 13.52 2.54 261.61 1.75 9.7 2.1e+06 0.00 816.0131 3.1e+02 10 5.6
SKA1W8 0 0 800 -50 3.0-4.0arcsec 4 natural 0 3.5 11.69 3.31 69.70 3.39 6.4 35 0.02 3.3606 2e+02 12 14
SKA1W8-C9B120 0 0 650 -10 0.4-1.0arcsec 0 natural 0 1.6 13.52 8.22 10.27 8.82 3 2 0.06 0.8007 95 1.1e+02 74
SKA1W8-12C0B120 0 0 1400 -10 10.0-100.0arcsec 7 natural 0 0.68 7.90 11.58 6.38 11.20 1.2 2.5e+03 0.06 28.1841 39 47 1.5e+02
SKA1W8-C9B120 0 0 800 -30 2.0-3.0arcsec 3 natural 0 3 11.69 3.96 44.60 4.24 5.4 17 0.05 2.3358 1.7e+02 17 21
SKASUR 0 0 1000 -10 10.0-60.0arcmin 8 natural 0 51 10.00 0.20 15023.26 0.23 92 2.8e+06 0.25 948.5896 2.9e+03 0.7 1.1
SKA1V8 0 0 1000 -30 10.0-100.0arcsec 7 natural 0 1 10.00 9.75 5.56 12.00 1.9 2.1e+03 0.02 26.0672 59 65 1.8e+02
SKASUR1 0 0 650 -10 10.0-100.0arcsec 7 natural 0 2.8 13.52 4.75 52.31 3.91 5.2 1.2e+03 0.14 19.9748 1.6e+02 4.1e+02 2.9e+02
SKASUR1 0 0 650 -10 1.0-2.0arcsec 2 natural 0 9.8 13.52 1.38 270.11 1.72 18 10 0.42 1.8587 5.6e+02 35 57
SKA1W8-12C0B120 0 0 800 -50 10.0-60.0arcmin 8 natural 0 6.4 11.69 1.82 257.53 1.76 12 2e+06 0.00 793.8355 3.7e+02 3.5 5.6
SKA1W8-V2 0 0 800 -10 3.0-10.0arcsec 5 natural 0 1.7 11.69 6.99 15.34 7.22 3 74 0.03 4.8439 96 52 61
SKA1V8-C9B120 0 0 800 -10 0.4-2.0arcsec 1 natural 0 1.3 11.69 9.06 8.73 9.57 2.4 3 0.02 0.9797 74 88 90
SKASUR 0 0 650 -10 10.0-60.0arcsec 6 natural 0 3.5 13.52 3.90 89.82 2.98 6.3 7.7e+02 0.05 15.6861 2e+02 2.7e+02 1.8e+02
SKASUR 0 0 800 -30 1.0-2.0arcsec 2 natural 0 6.1 11.69 1.93 177.35 2.12 11 5.9 0.22 1.3846 3.5e+02 67 83
SKA1V8-C9B120 0 0 650 -30 3.0-4.0arcsec 4 natural 0 2.9 13.52 4.65 46.79 4.13 5.3 35 0.05 3.3229 1.7e+02 35 20
SKA1W8-C9B120 0 0 650 -30 3.0-4.0arcsec 4 natural 0 3.4 13.52 3.96 62.13 3.59 6.2 35 0.06 3.3519 2e+02 25 15
SKA1W8-V2 0 0 800 -50 0.4-2.0arcsec 1 natural 0 1.1 11.69 10.89 6.31 11.26 2 2.5 0.09 0.9019 62 1.3e+02 1.4e+02
SKA1W8-V2 0 0 1000 -10 3.0-4.0arcsec 4 natural 0 3 10.00 3.38 64.32 3.53 5.4 35 0.16 3.3614 1.7e+02 7.8 15
SKASUR1 0 0 650 -50 0.4-2.0arcsec 1 natural 0 8.3 13.52 1.63 191.85 2.04 15 11 0.40 1.9745 4.8e+02 48 80
SKASUR 0 0 1400 -30 2.0-3.0arcsec 3 natural 0 4.6 7.90 1.71 276.84 1.70 8.4 18 0.07 2.3889 2.7e+02 53 53
SKA1W8 0 0 800 -10 2.0-3.0arcsec 3 natural 0 2.9 11.69 3.97 46.14 4.16 5.4 17 0.06 2.3485 1.7e+02 17 21
SKA1W8 0 0 1000 -50 3.0-10.0arcsec 5 natural 0 1.6 10.00 6.14 15.27 7.24 3 87 0.04 5.2576 94 26 59
SKA1V8 0 0 800 -10 3.0-4.0arcsec 4 natural 0 3.1 11.69 3.79 54.37 3.84 5.6 35 0.01 3.3147 1.8e+02 15 17
SKA1V8 0 0 1400 -50 10.0-60.0arcmin 8 natural 0 7.5 7.90 1.05 257.08 1.76 14 1.6e+06 0.03 717.3603 4.3e+02 0.39 5.6
SKA1V8 0 0 1000 -10 3.0-4.0arcsec 4 natural 0 3 10.00 3.28 54.37 3.84 5.6 35 0.13 3.3543 1.8e+02 7.4 17
SKA1W8-C9B120 0 0 1400 -50 3.0-4.0arcsec 4 natural 0 2.1 7.90 3.77 64.40 3.52 3.8 34 0.06 3.3096 1.2e+02 5 14
SKA1W8-12C0B120 0 0 800 -50 2.0-3.0arcsec 3 natural 0 2.7 11.69 4.27 35.77 4.73 5 17 0.04 2.2956 1.6e+02 20 30
SKASUR1 0 0 1000 -10 0.4-1.0arcsec 0 natural 0 13 10.00 0.77 1398.98 0.76 24 2.7 0.38 0.9571 7.5e+02 11 15
SKA1W8 0 0 650 -10 10.0-100.0arcsec 7 natural 0 1.1 13.52 12.80 6.07 11.48 1.9 2.2e+03 0.09 26.5853 61 2.7e+02 1.6e+02
SKA1W8-C9B120 0 0 650 -50 1.0-2.0arcsec 2 natural 0 1.6 13.52 8.62 18.59 6.56 2.9 4.7 0.05 1.2170 90 1.2e+02 65
SKA1W8-V2 0 0 650 -30 1.0-2.0arcsec 2 natural 0 1.5 13.52 9.23 15.68 7.14 2.7 4.9 0.06 1.2465 84 1.4e+02 75
SKA1W8-V2 0 0 650 -50 3.0-4.0arcsec 4 natural 0 3.5 13.52 3.82 65.72 3.49 6.4 35 0.10 3.3241 2e+02 24 14
SKASUR 0 0 650 -30 3.0-4.0arcsec 4 natural 0 9.8 13.52 1.38 347.93 1.52 18 35 0.02 3.3400 5.6e+02 34 43
SKA1V8 0 0 1400 -10 0.4-2.0arcsec 1 natural 0 0.75 7.90 10.47 8.92 9.47 1.4 1.8 0.05 0.7583 43 38 96
SKASUR 0 0 1400 -10 0.4-2.0arcsec 1 natural 0 2.8 7.90 2.84 110.24 2.69 5.1 2.7 0.24 0.9435 1.6e+02 1.5e+02 1.4e+02
SKA1W8-12C0B120 0 0 1000 -30 3.0-10.0arcsec 5 natural 0 1.6 10.00 6.26 14.69 7.38 2.9 76 0.06 4.9220 92 27 64
SKA1W8-12C0B120 0 0 800 -30 10.0-60.0arcmin 8 natural 0 6.4 11.69 1.82 258.22 1.76 12 2e+06 0.01 791.7114 3.7e+02 3.5 5.7
SKASUR1 0 0 1400 -10 1.0-2.0arcsec 2 natural 0 4.7 7.90 1.69 270.11 1.72 8.5 5.6 0.14 1.3409 2.7e+02 51 57
SKA1V8-C9B120 0 0 650 -30 0.4-2.0arcsec 1 natural 0 1.4 13.52 9.92 8.44 9.74 2.5 3.7 0.09 1.0909 78 1.6e+02 97
SKA1V8-C9B120 0 0 650 -50 3.0-4.0arcsec 4 natural 0 2.9 13.52 4.72 46.68 4.14 5.2 35 0.04 3.3372 1.7e+02 36 21
SKA1V8 0 0 1400 -50 2.0-3.0arcsec 3 natural 0 1.6 7.90 4.95 36.79 4.66 2.9 17 0.05 2.3567 92 8.6 26
SKA1V8 0 0 1000 -10 1.0-2.0arcsec 2 natural 0 1.9 10.00 5.16 20.84 6.20 3.5 5.6 0.06 1.3383 1.1e+02 18 45
SKASUR1 0 0 650 -10 10.0-60.0arcsec 6 natural 0 3 13.52 4.58 55.01 3.81 5.4 1.1e+03 0.14 18.9476 1.7e+02 3.8e+02 2.8e+02
SKA1W8-V2 0 0 650 -10 1.0-2.0arcsec 2 natural 0 1.4 13.52 9.41 15.46 7.19 2.6 5 0.05 1.2592 83 1.4e+02 78
SKASUR 0 0 1000 -10 3.0-10.0arcsec 5 natural 0 2.5 10.00 4.06 65.00 3.51 4.5 90 0.03 5.3394 1.4e+02 3e+02 2.3e+02
SKASUR 0 0 800 -10 0.4-2.0arcsec 1 natural 0 5.2 11.69 2.23 110.24 2.69 9.5 5.3 0.25 1.3112 3e+02 90 1.4e+02
SKASUR1 0 0 650 -50 1.0-2.0arcsec 2 natural 0 11 13.52 1.26 290.66 1.66 20 11 0.44 1.9124 6.2e+02 28 54
SKA1W8-V2 0 0 1000 -30 2.0-3.0arcsec 3 natural 0 3 10.00 3.37 37.45 4.62 5.4 18 0.05 2.3772 1.7e+02 7.8 27
SKASUR1 0 0 650 -10 0.4-1.0arcsec 0 natural 0 90 13.52 0.15 1398.98 0.76 1.6e+02 3.7 0.56 1.1767 5.2e+03 0.4 15
SKASUR1 0 0 1000 -50 10.0-100.0arcsec 7 natural 0 2.5 10.00 3.94 53.78 3.86 4.6 8.9e+02 0.10 16.8670 1.5e+02 2.8e+02 2.9e+02
SKA1W8-C9B120 0 0 650 -30 10.0-100.0arcsec 7 natural 0 1.1 13.52 12.64 6.65 10.97 1.9 1.9e+03 0.01 24.7031 62 2.6e+02 1.5e+02
SKA1V8 0 0 800 -10 1.0-2.0arcsec 2 natural 0 2 11.69 5.90 20.84 6.20 3.6 5.8 0.03 1.3576 1.1e+02 37 45
SKASUR1 0 0 800 -50 10.0-100.0arcsec 7 natural 0 3 11.69 3.85 53.78 3.86 5.5 1e+03 0.13 18.3050 1.7e+02 2.7e+02 2.9e+02
SKA1W8 0 0 1000 -50 0.4-2.0arcsec 1 natural 0 1.1 10.00 9.20 6.70 10.93 2 1.6 0.09 0.7183 63 58 1.3e+02
SKA1W8-V2 0 0 1400 -50 10.0-60.0arcmin 8 natural 0 7.5 7.90 1.05 250.66 1.79 14 1.6e+06 0.03 717.3603 4.3e+02 0.39 5.8
SKASUR1 0 0 650 -30 10.0-100.0arcsec 7 natural 0 2.9 13.52 4.70 53.86 3.85 5.2 1.2e+03 0.17 19.8426 1.7e+02 4e+02 2.8e+02
SKA1W8-V2 0 0 800 -50 3.0-10.0arcsec 5 natural 0 1.7 11.69 7.07 15.40 7.21 3 77 0.07 4.9587 95 54 60
SKA1V8 0 0 1400 -10 3.0-10.0arcsec 5 natural 0 0.9 7.90 8.83 12.07 8.14 1.6 87 0.05 5.2599 52 27 75
SKA1V8-C9B120 0 0 1000 -30 10.0-60.0arcmin 8 natural 0 8.3 10.00 1.20 260.61 1.75 15 1.9e+06 0.03 776.2459 4.8e+02 0.99 5.6
SKASUR1 0 0 1400 -10 3.0-10.0arcsec 5 natural 0 2.5 7.90 3.14 82.59 3.11 4.6 95 0.09 5.5125 1.5e+02 1.8e+02 1.8e+02
SKA1V8-C9B120 0 0 1400 -10 3.0-4.0arcsec 4 natural 0 1.8 7.90 4.32 46.57 4.14 3.3 35 0.04 3.3509 1.1e+02 6.5 20
SKA1V8 0 0 650 -50 2.0-3.0arcsec 3 natural 0 2.6 13.52 5.27 36.79 4.66 4.7 17 0.07 2.3590 1.5e+02 45 26
SKA1W8-C9B120 0 0 800 -30 3.0-4.0arcsec 4 natural 0 3.4 11.69 3.43 62.13 3.59 6.2 36 0.10 3.3723 2e+02 13 15
SKASUR1 0 0 650 -50 10.0-100.0arcsec 7 natural 0 2.9 13.52 4.72 53.78 3.86 5.2 1.3e+03 0.15 20.0747 1.6e+02 4e+02 2.9e+02
SKA1W8-C9B120 0 0 1400 -30 10.0-60.0arcsec 6 natural 0 0.79 7.90 9.97 8.68 9.60 1.4 1.5e+03 0.03 21.7056 46 35 1.1e+02
SKA1W8-C9B120 0 0 800 -30 0.4-2.0arcsec 1 natural 0 1.1 11.69 10.89 6.28 11.28 2 2.1 0.12 0.8221 62 1.3e+02 1.5e+02
SKASUR1 0 0 1000 -10 10.0-60.0arcmin 8 natural 0 57 10.00 0.18 16917.25 0.22 1e+02 2.6e+06 0.16 914.7249 3.3e+03 0.55 0.99
SKA1W8 0 0 650 -10 1.0-2.0arcsec 2 natural 0 1.6 13.52 8.61 18.34 6.60 2.9 4.9 0.09 1.2495 90 1.2e+02 65
SKA1V8-C9B120 0 0 650 -50 10.0-100.0arcsec 7 natural 0 0.99 13.52 13.60 5.88 11.66 1.8 1.7e+03 0.03 23.4775 57 3e+02 1.7e+02
SKA1W8 0 0 1400 -10 1.0-2.0arcsec 2 natural 0 1.3 7.90 5.91 18.34 6.60 2.4 5.5 0.06 1.3288 77 12 65
SKA1V8 0 0 1000 -50 0.4-1.0arcsec 0 natural 0 1.7 10.00 6.02 16.55 6.95 3 1.1 0.07 0.5810 96 25 50
SKA1W8-12C0B120 0 0 1400 -30 10.0-60.0arcsec 6 natural 0 0.75 7.90 10.50 8.47 9.72 1.4 1.7e+03 0.00 22.9882 43 39 1.1e+02
SKA1V8-C9B120 0 0 1400 -10 10.0-60.0arcmin 8 natural 0 7.2 7.90 1.10 234.48 1.85 13 1.7e+06 0.02 726.4514 4.1e+02 0.43 6.2
SKA1W8-V2 0 0 1000 -50 10.0-100.0arcsec 7 natural 0 1.1 10.00 9.38 6.27 11.30 1.9 2.8e+03 0.02 29.6895 61 60 1.5e+02
SKA1V8-C9B120 0 0 800 -30 0.4-1.0arcsec 0 natural 0 1.9 11.69 6.29 17.34 6.79 3.4 1.6 0.09 0.7099 1.1e+02 42 40
SKASUR 0 0 800 -30 3.0-10.0arcsec 5 natural 0 3.5 11.69 3.33 63.26 3.56 6.4 99 0.01 5.6205 2e+02 2e+02 2.3e+02
SKA1V8-C9B120 0 0 1000 -10 10.0-100.0arcsec 7 natural 0 1.1 10.00 9.51 5.90 11.65 1.9 1.8e+03 0.02 23.8603 61 62 1.7e+02
SKASUR1 0 0 1000 -30 3.0-4.0arcsec 4 natural 0 6.5 10.00 1.54 456.51 1.32 12 35 0.12 3.3396 3.7e+02 43 32
SKASUR1 0 0 650 -30 10.0-60.0arcmin 8 natural 0 49 13.52 0.27 19257.87 0.20 90 3.6e+06 0.37 1096.9757 2.8e+03 1.4 0.86
SKA1W8-12C0B120 0 0 800 -50 10.0-60.0arcsec 6 natural 0 1.3 11.69 9.29 8.53 9.68 2.3 1.3e+03 0.04 20.5454 73 93 1.1e+02
SKA1W8 0 0 650 -10 2.0-3.0arcsec 3 natural 0 2.8 13.52 4.81 46.14 4.16 5.1 17 0.12 2.3575 1.6e+02 38 21
SKA1W8-V2 0 0 650 -30 10.0-60.0arcmin 8 natural 0 5.3 13.52 2.56 259.26 1.76 9.6 2.1e+06 0.01 814.6447 3e+02 11 5.6
SKA1W8-12C0B120 0 0 650 -10 10.0-60.0arcmin 8 natural 0 5 13.52 2.68 234.53 1.85 9.2 2.1e+06 0.02 818.8186 2.9e+02 12 6.2
SKA1W8 0 0 1000 -30 0.4-2.0arcsec 1 natural 0 1.1 10.00 9.34 6.75 10.89 2 1.6 0.11 0.7124 62 60 1.3e+02
SKASUR 0 0 1000 -10 0.4-1.0arcsec 0 natural 0 5.3 10.00 1.90 362.42 1.49 9.6 2.2 0.31 0.8418 3e+02 65 49
SKA1W8-C9B120 0 0 650 -30 0.4-1.0arcsec 0 natural 0 1.5 13.52 9.28 9.54 9.16 2.7 2 0.16 0.8035 84 1.4e+02 87
SKASUR1 0 0 800 -50 3.0-4.0arcsec 4 natural 0 9.5 11.69 1.23 431.75 1.36 17 35 0.05 3.3217 5.5e+02 27 34
SKA1W8 0 0 1400 -10 0.4-1.0arcsec 0 natural 0 0.79 7.90 10.06 10.78 8.61 1.4 0.88 0.09 0.5308 45 35 71
SKASUR1 0 0 800 -10 10.0-60.0arcsec 6 natural 0 3.1 11.69 3.83 55.01 3.81 5.6 9.7e+02 0.13 17.5992 1.8e+02 2.6e+02 2.8e+02
SKA1W8-V2 0 0 800 -10 0.4-1.0arcsec 0 natural 0 1.4 11.69 8.15 11.16 8.47 2.6 1.7 0.06 0.7396 83 71 63
SKA1V8-C9B120 0 0 1000 -30 10.0-60.0arcsec 6 natural 0 1.2 10.00 8.57 7.29 10.48 2.1 1.2e+03 0.02 19.8630 67 50 1.4e+02
SKA1W8-V2 0 0 800 -30 3.0-4.0arcsec 4 natural 0 3.4 11.69 3.41 68.06 3.43 6.2 37 0.09 3.4368 2e+02 12 14
SKA1V8 0 0 800 -50 3.0-10.0arcsec 5 natural 0 1.5 11.69 7.85 12.00 8.16 2.7 83 0.05 5.1423 86 66 75
SKA1V8-C9B120 0 0 800 -10 1.0-2.0arcsec 2 natural 0 1.8 11.69 6.43 18.03 6.66 3.3 5.7 0.03 1.3528 1e+02 44 52
SKA1V8 0 0 1000 -30 2.0-3.0arcsec 3 natural 0 2.7 10.00 3.77 37.13 4.64 4.8 17 0.07 2.3475 1.5e+02 9.8 26
SKASUR1 0 0 1400 -30 3.0-4.0arcsec 4 natural 0 6.1 7.90 1.30 456.51 1.32 11 35 0.00 3.3464 3.5e+02 30 32
SKA1W8 0 0 800 -10 0.4-2.0arcsec 1 natural 0 1.1 11.69 10.42 6.88 10.78 2 2.3 0.05 0.8570 65 1.2e+02 1.3e+02
SKASUR1 0 0 1400 -30 0.4-1.0arcsec 0 natural 0 6.1 7.90 1.29 1259.99 0.80 11 2.2 0.45 0.8809 3.5e+02 30 17
SKA1V8-C9B120 0 0 800 -10 3.0-4.0arcsec 4 natural 0 2.9 11.69 4.05 46.57 4.14 5.3 35 0.01 3.3266 1.7e+02 18 20
SKASUR1 0 0 650 -10 3.0-4.0arcsec 4 natural 0 11 13.52 1.26 497.51 1.27 20 36 0.06 3.3679 6.2e+02 29 30
SKASUR1 0 0 800 -10 2.0-3.0arcsec 3 natural 0 8.7 11.69 1.34 373.12 1.46 16 17 0.15 2.3354 5e+02 32 39
SKA1V8-C9B120 0 0 650 -50 1.0-2.0arcsec 2 natural 0 1.8 13.52 7.54 17.72 6.72 3.3 5.4 0.07 1.3159 1e+02 92 53
SKASUR1 0 0 1000 -50 3.0-4.0arcsec 4 natural 0 6.4 10.00 1.55 431.75 1.36 12 35 0.17 3.3596 3.7e+02 43 34
SKA1W8-12C0B120 0 0 1000 -30 10.0-60.0arcmin 8 natural 0 8.3 10.00 1.20 258.22 1.76 15 1.9e+06 0.03 776.1893 4.8e+02 0.98 5.7
SKA1W8-C9B120 0 0 650 -50 2.0-3.0arcsec 3 natural 0 2.8 13.52 4.89 43.27 4.30 5 17 0.07 2.3460 1.6e+02 39 22
SKA1W8-C9B120 0 0 650 -30 10.0-60.0arcmin 8 natural 0 5.3 13.52 2.56 262.39 1.75 9.6 2.1e+06 0.00 815.3443 3e+02 11 5.6
SKA1V8-C9B120 0 0 800 -10 3.0-10.0arcsec 5 natural 0 1.4 11.69 8.45 10.48 8.74 2.5 78 0.02 4.9813 80 77 87
SKA1V8 0 0 1000 -30 0.4-1.0arcsec 0 natural 0 1.7 10.00 5.92 16.80 6.90 3.1 1.1 0.07 0.5819 97 24 49
SKA1V8-C9B120 0 0 800 -10 10.0-100.0arcsec 7 natural 0 1 11.69 11.33 5.90 11.65 1.9 1.6e+03 0.06 22.8476 59 1.4e+02 1.7e+02
SKA1W8-12C0B120 0 0 650 -50 0.4-1.0arcsec 0 natural 0 1.6 13.52 8.67 8.82 9.52 2.8 2 0.10 0.7958 90 1.2e+02 84
SKA1V8-C9B120 0 0 1000 -10 10.0-60.0arcmin 8 natural 0 7.8 10.00 1.28 234.48 1.85 14 1.9e+06 0.02 781.4315 4.5e+02 1.1 6.2
SKA1W8-V2 0 0 1400 -50 10.0-100.0arcsec 7 natural 0 0.67 7.90 11.83 6.27 11.30 1.2 2.6e+03 0.00 28.7639 38 49 1.5e+02
SKASUR 0 0 1400 -30 10.0-60.0arcmin 8 natural 0 58 7.90 0.14 16369.08 0.22 1e+02 1.8e+06 0.15 758.6642 3.3e+03 0.34 0.98
SKA1V8-C9B120 0 0 800 -50 0.4-2.0arcsec 1 natural 0 1.3 11.69 9.24 8.48 9.71 2.3 2.9 0.07 0.9676 73 92 95
SKA1V8-C9B120 0 0 650 -50 2.0-3.0arcsec 3 natural 0 2.3 13.52 5.82 31.09 5.07 4.2 17 0.07 2.3562 1.3e+02 55 31
SKA1W8-V2 0 0 1000 -30 0.4-1.0arcsec 0 natural 0 1.3 10.00 7.74 10.80 8.61 2.4 1.3 0.11 0.6392 74 41 68
SKA1W8-V2 0 0 1400 -50 10.0-60.0arcsec 6 natural 0 0.76 7.90 10.35 8.80 9.53 1.4 1.7e+03 0.01 23.2689 44 37 1e+02
SKASUR 0 0 800 -10 10.0-60.0arcsec 6 natural 0 3.8 11.69 3.06 89.82 2.98 7 8e+02 0.08 15.9577 2.2e+02 1.7e+02 1.8e+02
SKA1V8 0 0 1000 -50 3.0-4.0arcsec 4 natural 0 3.1 10.00 3.21 55.33 3.80 5.7 36 0.10 3.3670 1.8e+02 7.1 17
SKA1W8-12C0B120 0 0 800 -10 3.0-10.0arcsec 5 natural 0 1.6 11.69 7.28 14.33 7.47 2.9 74 0.03 4.8578 93 57 66
SKA1V8-C9B120 0 0 650 -30 1.0-2.0arcsec 2 natural 0 1.8 13.52 7.63 17.54 6.75 3.2 5.5 0.05 1.3289 1e+02 95 54
SKA1V8-C9B120 0 0 1000 -50 0.4-2.0arcsec 1 natural 0 1.2 10.00 8.36 8.48 9.71 2.2 2.2 0.07 0.8452 69 48 95
SKA1W8-V2 0 0 1400 -30 10.0-100.0arcsec 7 natural 0 0.66 7.90 12.04 6.05 11.50 1.2 2.6e+03 0.01 28.8139 38 51 1.5e+02
SKA1V8-C9B120 0 0 1400 -50 0.4-1.0arcsec 0 natural 0 0.93 7.90 8.51 17.45 6.77 1.7 1.1 0.06 0.5793 54 25 40
SKA1W8 0 0 800 -50 10.0-60.0arcmin 8 natural 0 6.4 11.69 1.82 257.85 1.76 12 2e+06 0.00 793.8355 3.7e+02 3.6 5.6
SKA1W8-C9B120 0 0 1000 -30 2.0-3.0arcsec 3 natural 0 2.9 10.00 3.43 44.60 4.24 5.3 17 0.07 2.3343 1.7e+02 8.1 21
SKA1W8-V2 0 0 650 -50 1.0-2.0arcsec 2 natural 0 1.4 13.52 9.39 15.47 7.19 2.6 4.8 0.07 1.2374 83 1.4e+02 77
SKA1W8-V2 0 0 1400 -50 2.0-3.0arcsec 3 natural 0 1.6 7.90 4.97 37.55 4.62 2.9 18 0.10 2.3766 92 8.6 28
SKA1W8-C9B120 0 0 800 -10 2.0-3.0arcsec 3 natural 0 2.8 11.69 4.12 42.61 4.33 5.2 17 0.07 2.3473 1.6e+02 18 23
SKASUR 0 0 650 -50 3.0-4.0arcsec 4 natural 0 9.6 13.52 1.41 326.01 1.57 17 36 0.08 3.3683 5.5e+02 36 46
SKASUR1 0 0 1400 -30 10.0-100.0arcsec 7 natural 0 3 7.90 2.61 53.86 3.85 5.5 7.6e+02 0.05 15.5862 1.7e+02 1.2e+02 2.8e+02
SKA1W8 0 0 800 -10 0.4-1.0arcsec 0 natural 0 1.4 11.69 8.33 10.78 8.61 2.6 1.6 0.07 0.7169 81 74 71
SKA1V8-C9B120 0 0 1400 -50 0.4-2.0arcsec 1 natural 0 0.7 7.90 11.27 8.48 9.71 1.3 1.8 0.07 0.7591 40 44 95
SKA1W8-C9B120 0 0 1400 -10 10.0-100.0arcsec 7 natural 0 0.69 7.90 11.52 6.48 11.11 1.2 2.2e+03 0.02 26.1702 40 46 1.5e+02
SKA1W8-12C0B120 0 0 1400 -10 10.0-60.0arcmin 8 natural 0 7.1 7.90 1.12 234.53 1.85 13 1.7e+06 0.02 727.6049 4.1e+02 0.44 6.2
SKA1W8-V2 0 0 650 -50 2.0-3.0arcsec 3 natural 0 2.4 13.52 5.67 37.55 4.62 4.3 17 0.08 2.3138 1.4e+02 52 28
SKA1W8 0 0 650 -50 10.0-60.0arcsec 6 natural 0 1.2 13.52 10.88 8.29 9.83 2.3 1.3e+03 0.04 20.5706 72 1.9e+02 1.1e+02
SKASUR 0 0 1400 -50 0.4-1.0arcsec 0 natural 0 4.1 7.90 1.92 398.05 1.42 7.5 1.6 0.27 0.7136 2.4e+02 67 45
SKASUR 0 0 800 -10 10.0-100.0arcsec 7 natural 0 3.7 11.69 3.18 83.83 3.09 6.7 8.9e+02 0.09 16.8212 2.1e+02 1.8e+02 1.9e+02
SKA1V8 0 0 1000 -10 10.0-60.0arcmin 8 natural 0 7.8 10.00 1.28 230.68 1.86 14 1.9e+06 0.02 781.4811 4.5e+02 1.1 6.3
SKA1V8 0 0 650 -10 0.4-2.0arcsec 1 natural 0 1.4 13.52 9.85 8.92 9.47 2.5 2.7 0.07 0.9243 79 1.6e+02 96
SKA1W8-V2 0 0 650 -50 10.0-60.0arcsec 6 natural 0 1.3 13.52 10.40 8.80 9.53 2.4 1.4e+03 0.04 20.8627 75 1.8e+02 1e+02
SKA1W8-C9B120 0 0 800 -30 1.0-2.0arcsec 2 natural 0 1.9 11.69 6.24 18.83 6.52 3.4 5.2 0.06 1.2829 1.1e+02 42 63
SKASUR1 0 0 800 -10 0.4-2.0arcsec 1 natural 0 6.8 11.69 1.71 192.32 2.04 12 8.4 0.38 1.6820 3.9e+02 53 79
SKA1W8-12C0B120 0 0 1000 -50 3.0-10.0arcsec 5 natural 0 1.6 10.00 6.31 14.55 7.42 2.9 75 0.07 4.8991 91 27 64
SKASUR 0 0 800 -50 1.0-2.0arcsec 2 natural 0 6 11.69 1.95 176.90 2.13 11 5.8 0.26 1.3736 3.5e+02 68 83
SKASUR 0 0 1000 -10 2.0-3.0arcsec 3 natural 0 5.3 10.00 1.88 274.57 1.71 9.7 17 0.06 2.3467 3.1e+02 64 53
SKA1W8 0 0 1400 -10 10.0-60.0arcmin 8 natural 0 7 7.90 1.13 231.09 1.86 13 1.7e+06 0.02 727.6049 4e+02 0.44 6.2
SKA1W8-C9B120 0 0 1000 -30 10.0-60.0arcsec 6 natural 0 1.3 10.00 7.93 8.68 9.60 2.3 1.3e+03 0.06 20.7009 73 43 1.1e+02
SKA1W8-12C0B120 0 0 1400 -30 10.0-100.0arcsec 7 natural 0 0.67 7.90 11.83 6.16 11.40 1.2 2.5e+03 0.01 28.1997 38 49 1.6e+02
SKA1W8 0 0 1000 -30 3.0-4.0arcsec 4 natural 0 3.5 10.00 2.86 65.79 3.49 6.4 35 0.12 3.3287 2e+02 5.6 15
SKA1W8-12C0B120 0 0 1400 -10 0.4-1.0arcsec 0 natural 0 0.7 7.90 11.25 8.92 9.47 1.3 0.94 0.07 0.5469 40 44 83
SKA1V8 0 0 800 -10 10.0-60.0arcsec 6 natural 0 1.2 11.69 10.11 7.37 10.42 2.1 1.2e+03 0.06 19.6503 67 1.1e+02 1.3e+02
SKASUR 0 0 650 -30 10.0-100.0arcsec 7 natural 0 3.3 13.52 4.04 88.22 3.01 6.1 8.4e+02 0.07 16.3993 1.9e+02 2.9e+02 1.8e+02
SKA1W8-V2 0 0 1400 -10 1.0-2.0arcsec 2 natural 0 1.3 7.90 6.29 15.46 7.19 2.3 5.1 0.06 1.2757 72 14 78
SKASUR 0 0 650 -50 1.0-2.0arcsec 2 natural 0 6.4 13.52 2.10 176.90 2.13 12 6.9 0.26 1.4952 3.7e+02 79 83
SKA1W8-C9B120 0 0 650 -50 10.0-100.0arcsec 7 natural 0 1.1 13.52 12.67 6.53 11.07 1.9 1.9e+03 0.00 24.8052 61 2.6e+02 1.5e+02
SKA1V8-C9B120 0 0 650 -10 3.0-4.0arcsec 4 natural 0 2.9 13.52 4.65 46.57 4.14 5.3 35 0.05 3.3448 1.7e+02 35 20
SKA1V8 0 0 1400 -10 10.0-60.0arcmin 8 natural 0 7 7.90 1.13 230.68 1.86 13 1.7e+06 0.02 727.6049 4e+02 0.44 6.3
SKA1W8 0 0 650 -10 3.0-10.0arcsec 5 natural 0 1.7 13.52 7.75 15.66 7.15 3.2 75 0.01 4.8823 1e+02 98 57
SKA1V8 0 0 650 -30 3.0-4.0arcsec 4 natural 0 3.1 13.52 4.30 54.83 3.82 5.7 35 0.07 3.3413 1.8e+02 30 17
SKASUR1 0 0 800 -30 0.4-2.0arcsec 1 natural 0 7 11.69 1.67 194.27 2.03 13 8.3 0.41 1.6823 4e+02 50 78
SKA1W8-V2 0 0 650 -50 0.4-2.0arcsec 1 natural 0 1.1 13.52 12.05 6.31 11.26 2 3.4 0.09 1.0469 65 2.4e+02 1.4e+02
SKASUR1 0 0 1400 -50 3.0-4.0arcsec 4 natural 0 6.1 7.90 1.30 431.75 1.36 11 35 0.02 3.3445 3.5e+02 31 34
SKA1W8-12C0B120 0 0 1000 -10 2.0-3.0arcsec 3 natural 0 2.9 10.00 3.49 33.82 4.86 5.2 18 0.11 2.3740 1.6e+02 8.4 31
SKASUR 0 0 1000 -10 10.0-100.0arcsec 7 natural 0 3.5 10.00 2.86 83.83 3.09 6.4 9.6e+02 0.08 17.4878 2e+02 1.5e+02 1.9e+02
SKA1W8-12C0B120 0 0 650 -50 2.0-3.0arcsec 3 natural 0 2.3 13.52 5.79 35.77 4.73 4.3 17 0.06 2.3070 1.3e+02 54 30
SKASUR 0 0 1400 -30 10.0-100.0arcsec 7 natural 0 4.5 7.90 1.76 88.22 3.01 8.2 9.9e+02 0.07 17.7900 2.6e+02 56 1.8e+02
SKASUR1 0 0 800 -30 0.4-1.0arcsec 0 natural 0 47 11.69 0.25 1259.99 0.80 86 3 0.52 1.0403 2.7e+03 1.1 17
SKA1V8-C9B120 0 0 1400 -10 1.0-2.0arcsec 2 natural 0 1.1 7.90 7.13 18.03 6.66 2 5.5 0.06 1.3224 64 18 52
SKA1V8 0 0 1000 -10 3.0-10.0arcsec 5 natural 0 1.5 10.00 6.88 12.07 8.14 2.6 84 0.04 5.1771 84 32 75
SKA1W8-12C0B120 0 0 1400 -10 2.0-3.0arcsec 3 natural 0 1.5 7.90 5.27 33.82 4.86 2.7 17 0.12 2.3527 86 9.7 31
SKA1W8-V2 0 0 1000 -50 1.0-2.0arcsec 2 natural 0 1.9 10.00 5.35 15.47 7.19 3.4 5.7 0.03 1.3502 1.1e+02 20 77
SKA1V8 0 0 800 -50 10.0-100.0arcsec 7 natural 0 0.98 11.69 11.97 5.50 12.06 1.8 1.9e+03 0.02 24.6723 56 1.5e+02 1.8e+02
SKA1V8-C9B120 0 0 1000 -50 2.0-3.0arcsec 3 natural 0 2.5 10.00 4.07 31.09 5.07 4.5 17 0.04 2.3471 1.4e+02 11 31
SKA1W8-12C0B120 0 0 650 -50 1.0-2.0arcsec 2 natural 0 1.3 13.52 10.14 13.76 7.62 2.4 4.7 0.07 1.2299 77 1.7e+02 90
SKASUR1 0 0 650 -10 2.0-3.0arcsec 3 natural 0 8.9 13.52 1.52 373.12 1.46 16 19 0.27 2.4814 5.1e+02 41 39
SKASUR1 0 0 1400 -10 0.4-2.0arcsec 1 natural 0 3.6 7.90 2.18 192.32 2.04 6.6 4 0.30 1.1444 2.1e+02 86 79
SKA1W8-V2 0 0 800 -50 10.0-100.0arcsec 7 natural 0 1.1 11.69 11.03 6.27 11.30 1.9 2.4e+03 0.03 27.6278 61 1.3e+02 1.5e+02
SKA1V8-C9B120 0 0 650 -10 0.4-2.0arcsec 1 natural 0 1.4 13.52 9.40 8.73 9.57 2.6 3.9 0.01 1.1094 83 1.4e+02 90
SKASUR1 0 0 1000 -10 2.0-3.0arcsec 3 natural 0 6.1 10.00 1.63 373.12 1.46 11 17 0.11 2.3528 3.5e+02 48 39
SKASUR1 0 0 1000 -30 10.0-100.0arcsec 7 natural 0 2.6 10.00 3.91 53.86 3.85 4.7 8.9e+02 0.12 16.8760 1.5e+02 2.8e+02 2.8e+02
SKA1W8-C9B120 0 0 800 -50 1.0-2.0arcsec 2 natural 0 1.9 11.69 6.16 18.59 6.56 3.5 5.3 0.01 1.3003 1.1e+02 41 65
SKA1W8 0 0 1000 -10 10.0-60.0arcmin 8 natural 0 7.8 10.00 1.29 231.09 1.86 14 1.9e+06 0.02 781.4811 4.5e+02 1.1 6.2
SKA1W8-C9B120 0 0 800 -10 3.0-10.0arcsec 5 natural 0 1.6 11.69 7.24 13.83 7.60 2.9 81 0.00 5.0736 93 56 65
SKA1W8-V2 0 0 800 -30 10.0-60.0arcsec 6 natural 0 1.2 11.69 9.38 8.54 9.68 2.3 1.3e+03 0.03 20.6960 72 94 1e+02
SKA1W8-V2 0 0 650 -50 10.0-100.0arcsec 7 natural 0 1.1 13.52 12.68 6.27 11.30 1.9 2.4e+03 0.05 27.5279 61 2.6e+02 1.5e+02
SKA1V8-C9B120 0 0 800 -30 10.0-60.0arcsec 6 natural 0 1.1 11.69 10.35 7.29 10.48 2.1 1.1e+03 0.01 19.0239 65 1.1e+02 1.4e+02
SKA1V8-C9B120 0 0 1000 -50 10.0-60.0arcsec 6 natural 0 1.2 10.00 8.54 7.40 10.40 2.1 1.2e+03 0.02 19.8474 67 50 1.3e+02
SKA1V8-C9B120 0 0 1400 -30 2.0-3.0arcsec 3 natural 0 1.5 7.90 5.40 31.01 5.08 2.7 17 0.09 2.3621 84 10 31
SKA1V8-C9B120 0 0 800 -50 0.4-1.0arcsec 0 natural 0 1.8 11.69 6.39 17.45 6.77 3.3 1.6 0.08 0.7195 1.1e+02 44 40
SKA1W8-C9B120 0 0 650 -50 0.4-1.0arcsec 0 natural 0 1.5 13.52 9.01 9.76 9.05 2.7 2 0.12 0.8042 86 1.3e+02 83
SKASUR1 0 0 650 -30 0.4-1.0arcsec 0 natural 0 91 13.52 0.15 1259.99 0.80 1.7e+02 4.1 0.64 1.2833 5.3e+03 0.4 17
SKA1W8-C9B120 0 0 800 -10 0.4-2.0arcsec 1 natural 0 1.1 11.69 10.98 6.50 11.09 1.9 2.2 0.06 0.8413 61 1.3e+02 1.3e+02
SKA1W8-C9B120 0 0 1000 -50 10.0-60.0arcmin 8 natural 0 8.4 10.00 1.19 261.61 1.75 15 1.9e+06 0.02 774.4855 4.8e+02 0.97 5.6
SKA1V8 0 0 800 -10 10.0-60.0arcmin 8 natural 0 6.1 11.69 1.92 230.68 1.86 11 2e+06 0.01 798.3992 3.5e+02 4 6.3
SKA1V8 0 0 800 -30 3.0-10.0arcsec 5 natural 0 1.5 11.69 7.79 12.23 8.09 2.7 81 0.07 5.0771 86 65 74
SKA1V8 0 0 1000 -50 10.0-60.0arcsec 6 natural 0 1.2 10.00 8.58 7.34 10.44 2.1 1.4e+03 0.02 20.7580 67 51 1.3e+02
SKA1W8-C9B120 0 0 1400 -10 3.0-10.0arcsec 5 natural 0 0.95 7.90 8.32 13.83 7.60 1.7 87 0.04 5.2687 55 24 65
SKA1W8 0 0 1400 -30 0.4-2.0arcsec 1 natural 0 0.67 7.90 11.74 6.75 10.89 1.2 1.2 0.10 0.6131 39 48 1.3e+02
SKASUR1 0 0 800 -50 10.0-60.0arcsec 6 natural 0 3.1 11.69 3.76 56.44 3.77 5.7 9.7e+02 0.13 17.6253 1.8e+02 2.5e+02 2.7e+02
SKA1W8 0 0 1000 -30 0.4-1.0arcsec 0 natural 0 1.3 10.00 7.95 10.42 8.76 2.3 1.2 0.11 0.6119 72 43 77
SKA1W8-V2 0 0 800 -50 0.4-1.0arcsec 0 natural 0 1.4 11.69 8.38 10.67 8.66 2.5 1.7 0.11 0.7418 80 75 67
SKASUR 0 0 650 -10 2.0-3.0arcsec 3 natural 0 7.9 13.52 1.71 274.57 1.71 14 17 0.17 2.3644 4.6e+02 53 53
SKA1W8-C9B120 0 0 1400 -50 1.0-2.0arcsec 2 natural 0 1.3 7.90 5.98 18.59 6.56 2.4 5.5 0.07 1.3227 76 13 65
SKA1W8-V2 0 0 650 -10 3.0-4.0arcsec 4 natural 0 3.5 13.52 3.90 64.32 3.53 6.3 35 0.06 3.3389 2e+02 25 15
SKA1V8 0 0 800 -50 3.0-4.0arcsec 4 natural 0 3.2 11.69 3.62 55.33 3.80 5.9 35 0.03 3.3420 1.9e+02 14 17
SKA1W8-V2 0 0 650 -30 0.4-1.0arcsec 0 natural 0 1.7 13.52 7.85 10.80 8.61 3.1 2.1 0.15 0.8117 99 1e+02 68
SKA1V8 0 0 650 -30 10.0-60.0arcsec 6 natural 0 1.2 13.52 11.70 7.49 10.34 2.1 1.3e+03 0.03 20.0938 67 2.2e+02 1.3e+02
SKASUR1 0 0 1000 -30 10.0-60.0arcsec 6 natural 0 2.6 10.00 3.86 56.48 3.76 4.7 8.4e+02 0.11 16.3993 1.5e+02 2.7e+02 2.7e+02
SKA1W8-12C0B120 0 0 1400 -10 0.4-2.0arcsec 1 natural 0 0.6 7.90 13.27 5.39 12.19 1.1 1.2 0.07 0.6307 34 62 1.7e+02
SKA1W8 0 0 650 -50 10.0-60.0arcmin 8 natural 0 5.3 13.52 2.56 257.85 1.76 9.6 2.1e+06 0.00 815.0991 3e+02 11 5.6
SKASUR1 0 0 650 -50 3.0-4.0arcsec 4 natural 0 10 13.52 1.34 431.75 1.36 18 36 0.06 3.3726 5.8e+02 32 34
SKASUR 0 0 1000 -30 10.0-100.0arcsec 7 natural 0 3.7 10.00 2.70 88.22 3.01 6.7 9.5e+02 0.06 17.4141 2.1e+02 1.3e+02 1.8e+02
SKASUR1 0 0 800 -30 3.0-4.0arcsec 4 natural 0 10 11.69 1.14 456.51 1.32 19 36 0.18 3.3792 5.9e+02 24 32
SKA1V8-C9B120 0 0 800 -50 1.0-2.0arcsec 2 natural 0 1.8 11.69 6.42 17.72 6.72 3.3 5.8 0.02 1.3597 1e+02 44 53
SKA1W8 0 0 800 -10 1.0-2.0arcsec 2 natural 0 1.8 11.69 6.36 18.34 6.60 3.4 5.3 0.04 1.2937 1.1e+02 43 65
SKA1W8 0 0 650 -50 10.0-100.0arcsec 7 natural 0 1 13.52 13.02 6.00 11.55 1.9 2.2e+03 0.04 26.5687 60 2.8e+02 1.6e+02
SKA1W8-V2 0 0 1000 -50 0.4-1.0arcsec 0 natural 0 1.3 10.00 7.85 10.67 8.66 2.3 1.3 0.09 0.6427 73 42 67
SKA1W8-12C0B120 0 0 650 -30 3.0-10.0arcsec 5 natural 0 1.6 13.52 8.25 14.69 7.38 3 75 0.07 4.8975 94 1.1e+02 64
SKA1W8-V2 0 0 650 -10 10.0-60.0arcmin 8 natural 0 5 13.52 2.69 231.19 1.86 9.2 2.1e+06 0.02 818.8186 2.9e+02 12 6.2
SKA1W8-C9B120 0 0 1000 -10 3.0-10.0arcsec 5 natural 0 1.6 10.00 6.39 13.83 7.60 2.9 84 0.01 5.1799 90 28 65
SKASUR 0 0 800 -30 0.4-2.0arcsec 1 natural 0 5 11.69 2.32 108.82 2.71 9.2 5.4 0.29 1.3255 2.9e+02 97 1.4e+02
SKA1V8 0 0 650 -30 1.0-2.0arcsec 2 natural 0 2 13.52 6.77 21.33 6.12 3.6 5.5 0.05 1.3274 1.2e+02 74 44
SKA1W8 0 0 1000 -10 2.0-3.0arcsec 3 natural 0 3 10.00 3.38 46.14 4.16 5.4 17 0.05 2.3473 1.7e+02 7.9 21
SKA1V8 0 0 1000 -10 0.4-2.0arcsec 1 natural 0 1.2 10.00 8.22 8.92 9.47 2.2 1.9 0.05 0.7685 70 46 96
SKA1W8-C9B120 0 0 1400 -10 3.0-4.0arcsec 4 natural 0 2.1 7.90 3.81 64.90 3.51 3.8 35 0.01 3.3423 1.2e+02 5.1 14
SKA1W8-C9B120 0 0 800 -10 10.0-60.0arcmin 8 natural 0 6.2 11.69 1.88 237.81 1.83 11 2e+06 0.00 797.8332 3.6e+02 3.8 6.1
SKA1W8 0 0 1000 -30 1.0-2.0arcsec 2 natural 0 2.1 10.00 4.83 19.02 6.49 3.8 5.4 0.08 1.3095 1.2e+02 16 62
SKASUR 0 0 650 -30 10.0-60.0arcmin 8 natural 0 47 13.52 0.29 16369.08 0.22 85 4e+06 0.42 1167.2907 2.7e+03 1.5 0.98
SKA1W8-V2 0 0 1400 -30 10.0-60.0arcsec 6 natural 0 0.75 7.90 10.57 8.54 9.68 1.4 1.7e+03 0.00 23.3507 43 39 1e+02
SKA1V8 0 0 1400 -10 10.0-100.0arcsec 7 natural 0 0.64 7.90 12.34 5.52 12.04 1.2 2.1e+03 0.04 25.9766 37 53 1.8e+02
SKA1W8 0 0 1000 -50 0.4-1.0arcsec 0 natural 0 1.3 10.00 7.67 10.49 8.73 2.4 1.2 0.09 0.6151 75 40 76
SKA1W8-12C0B120 0 0 1400 -30 3.0-4.0arcsec 4 natural 0 2.4 7.90 3.30 63.84 3.54 4.4 34 0.03 3.3139 1.4e+02 3.8 14
SKASUR1 0 0 1000 -10 3.0-10.0arcsec 5 natural 0 2.8 10.00 3.62 82.59 3.11 5 97 0.04 5.5570 1.6e+02 2.4e+02 1.8e+02
SKA1W8-12C0B120 0 0 1000 -30 3.0-4.0arcsec 4 natural 0 2.9 10.00 3.47 63.84 3.54 5.2 35 0.13 3.3385 1.7e+02 8.3 14
SKASUR 0 0 800 -30 10.0-60.0arcmin 8 natural 0 49 11.69 0.24 16369.08 0.22 89 3.1e+06 0.33 1019.1460 2.8e+03 1 0.98
SKA1V8-C9B120 0 0 650 -10 2.0-3.0arcsec 3 natural 0 2.3 13.52 5.88 31.10 5.07 4.2 17 0.09 2.3599 1.3e+02 56 32
SKA1W8-C9B120 0 0 1000 -30 3.0-10.0arcsec 5 natural 0 1.5 10.00 6.51 13.65 7.66 2.8 86 0.05 5.2188 89 29 65
SKA1W8-C9B120 0 0 1000 -10 3.0-4.0arcsec 4 natural 0 3.3 10.00 3.02 64.90 3.51 6 35 0.07 3.3594 1.9e+02 6.3 14
SKA1W8-C9B120 0 0 650 -10 1.0-2.0arcsec 2 natural 0 1.5 13.52 8.92 17.57 6.75 2.8 4.8 0.06 1.2400 87 1.3e+02 69
SKA1V8 0 0 650 -10 3.0-10.0arcsec 5 natural 0 1.5 13.52 8.87 12.07 8.14 2.8 77 0.00 4.9511 88 1.3e+02 75
SKA1V8 0 0 650 -50 1.0-2.0arcsec 2 natural 0 2 13.52 6.88 21.16 6.15 3.6 5.4 0.06 1.3173 1.1e+02 77 44
SKA1V8 0 0 800 -10 10.0-100.0arcsec 7 natural 0 0.99 11.69 11.82 5.52 12.04 1.8 1.9e+03 0.06 24.5638 57 1.5e+02 1.8e+02
SKA1V8-C9B120 0 0 800 -30 0.4-2.0arcsec 1 natural 0 1.3 11.69 9.08 8.44 9.74 2.3 2.9 0.09 0.9626 74 88 97
SKA1W8 0 0 1400 -30 3.0-4.0arcsec 4 natural 0 2.2 7.90 3.59 65.79 3.49 4 35 0.10 3.3490 1.3e+02 4.5 15
SKASUR 0 0 650 -30 10.0-60.0arcsec 6 natural 0 3.5 13.52 3.86 94.59 2.91 6.4 7.6e+02 0.06 15.5446 2e+02 2.7e+02 1.7e+02
SKA1W8-12C0B120 0 0 1000 -50 10.0-60.0arcmin 8 natural 0 8.2 10.00 1.22 257.53 1.76 15 1.9e+06 0.02 775.0471 4.7e+02 1 5.6
SKA1V8-C9B120 0 0 1400 -10 0.4-1.0arcsec 0 natural 0 0.92 7.90 8.59 18.19 6.63 1.7 1.1 0.04 0.5832 53 26 37
SKASUR1 0 0 800 -30 10.0-60.0arcsec 6 natural 0 3.1 11.69 3.79 56.48 3.76 5.6 9.6e+02 0.14 17.5146 1.8e+02 2.6e+02 2.7e+02
SKASUR1 0 0 1000 -30 1.0-2.0arcsec 2 natural 0 4.6 10.00 2.18 273.35 1.71 8.4 5.9 0.37 1.4122 2.6e+02 85 56
SKA1V8 0 0 1000 -30 3.0-4.0arcsec 4 natural 0 3.1 10.00 3.21 54.83 3.82 5.7 35 0.10 3.3600 1.8e+02 7.1 17
SKA1V8-C9B120 0 0 650 -10 10.0-60.0arcsec 6 natural 0 1.1 13.52 12.00 7.44 10.37 2.1 1.2e+03 0.07 19.6973 65 2.3e+02 1.3e+02
SKA1V8-C9B120 0 0 1000 -10 0.4-1.0arcsec 0 natural 0 1.7 10.00 5.84 18.19 6.63 3.1 1.3 0.01 0.6362 99 23 37
SKA1V8 0 0 1000 -10 2.0-3.0arcsec 3 natural 0 2.6 10.00 3.78 36.11 4.71 4.8 17 0.06 2.3451 1.5e+02 9.8 26
SKASUR 0 0 800 -50 3.0-4.0arcsec 4 natural 0 8.8 11.69 1.32 326.01 1.57 16 36 0.05 3.3658 5.1e+02 31 46
SKA1V8 0 0 1400 -30 3.0-4.0arcsec 4 natural 0 2 7.90 3.97 54.83 3.82 3.6 35 0.07 3.3361 1.1e+02 5.5 17
SKA1W8-12C0B120 0 0 1000 -50 1.0-2.0arcsec 2 natural 0 1.8 10.00 5.63 13.76 7.62 3.2 5.5 0.02 1.3239 1e+02 22 90
SKASUR 0 0 650 -30 0.4-1.0arcsec 0 natural 0 23 13.52 0.59 362.32 1.49 42 2.7 0.38 0.9509 1.3e+03 6.2 48
SKA1V8-C9B120 0 0 650 -50 0.4-1.0arcsec 0 natural 0 2.3 13.52 5.86 17.45 6.77 4.2 2 0.07 0.7974 1.3e+02 56 40
SKA1W8 0 0 1400 -30 10.0-60.0arcsec 6 natural 0 0.75 7.90 10.52 8.35 9.79 1.4 1.6e+03 0.00 22.7423 43 39 1.1e+02
SKASUR 0 0 650 -10 3.0-10.0arcsec 5 natural 0 3.8 13.52 3.52 65.00 3.51 7 93 0.01 5.4486 2.2e+02 2.2e+02 2.3e+02
SKA1W8-12C0B120 0 0 650 -50 3.0-10.0arcsec 5 natural 0 1.6 13.52 8.25 14.55 7.42 3 76 0.08 4.9103 94 1.1e+02 64
SKA1W8-12C0B120 0 0 800 -10 10.0-60.0arcmin 8 natural 0 6.2 11.69 1.89 234.53 1.85 11 2e+06 0.01 798.3992 3.6e+02 3.8 6.2
SKA1W8-12C0B120 0 0 1000 -10 10.0-60.0arcsec 6 natural 0 1.2 10.00 8.04 8.63 9.63 2.3 1.5e+03 0.02 21.8552 72 44 1.1e+02
SKASUR 0 0 650 -50 10.0-60.0arcsec 6 natural 0 3.6 13.52 3.81 94.93 2.90 6.5 7.6e+02 0.05 15.5669 2e+02 2.6e+02 1.7e+02
SKASUR 0 0 1000 -10 3.0-4.0arcsec 4 natural 0 5.6 10.00 1.80 354.12 1.50 10 36 0.10 3.3841 3.2e+02 58 42
SKA1W8-V2 0 0 1400 -50 3.0-4.0arcsec 4 natural 0 2.3 7.90 3.39 65.72 3.49 4.2 35 0.06 3.3289 1.3e+02 4 14
SKA1W8-C9B120 0 0 800 -30 3.0-10.0arcsec 5 natural 0 1.6 11.69 7.35 13.65 7.66 2.9 82 0.06 5.1207 92 58 65
SKA1W8-C9B120 0 0 800 -50 0.4-1.0arcsec 0 natural 0 1.3 11.69 8.82 9.76 9.05 2.4 1.6 0.11 0.7110 76 83 83
SKA1W8-12C0B120 0 0 1400 -10 3.0-10.0arcsec 5 natural 0 1 7.90 7.72 14.33 7.47 1.9 89 0.08 5.3281 59 21 66
SKA1W8-V2 0 0 1400 -30 0.4-1.0arcsec 0 natural 0 0.76 7.90 10.37 10.80 8.61 1.4 0.92 0.09 0.5429 44 38 68
SKA1W8-V2 0 0 800 -10 0.4-2.0arcsec 1 natural 0 1.1 11.69 10.73 6.50 11.10 2 2.6 0.04 0.9143 63 1.2e+02 1.4e+02
SKA1W8 0 0 1400 -50 10.0-100.0arcsec 7 natural 0 0.65 7.90 12.18 6.00 11.55 1.2 2.4e+03 0.00 27.6946 37 52 1.6e+02
SKA1W8-V2 0 0 1000 -50 3.0-4.0arcsec 4 natural 0 3 10.00 3.32 65.72 3.49 5.5 35 0.13 3.3482 1.7e+02 7.6 14
SKA1V8-C9B120 0 0 1000 -50 10.0-100.0arcsec 7 natural 0 1 10.00 9.67 5.88 11.66 1.9 1.8e+03 0.02 23.9539 60 64 1.7e+02
SKASUR 0 0 650 -50 3.0-10.0arcsec 5 natural 0 3.6 13.52 3.71 61.13 3.62 6.6 96 0.03 5.5215 2.1e+02 2.5e+02 2.4e+02
SKA1W8-V2 0 0 1000 -30 1.0-2.0arcsec 2 natural 0 1.9 10.00 5.33 15.68 7.14 3.4 5.6 0.08 1.3365 1.1e+02 19 75
SKA1W8-12C0B120 0 0 800 -10 10.0-60.0arcsec 6 natural 0 1.2 11.69 9.38 8.63 9.63 2.3 1.3e+03 0.07 20.5064 72 94 1.1e+02
SKASUR 0 0 800 -50 0.4-1.0arcsec 0 natural 0 12 11.69 0.94 398.05 1.42 23 2.6 0.24 0.9227 7.1e+02 16 45
SKA1W8-12C0B120 0 0 650 -30 1.0-2.0arcsec 2 natural 0 1.3 13.52 10.02 14.08 7.54 2.5 4.8 0.06 1.2376 78 1.6e+02 88
SKA1V8 0 0 1400 -30 10.0-100.0arcsec 7 natural 0 0.65 7.90 12.12 5.56 12.00 1.2 2.1e+03 0.01 26.1124 38 51 1.8e+02
SKASUR1 0 0 650 -30 10.0-60.0arcsec 6 natural 0 3 13.52 4.54 56.48 3.76 5.4 1.1e+03 0.17 18.8977 1.7e+02 3.7e+02 2.7e+02
SKASUR 0 0 1000 -30 3.0-10.0arcsec 5 natural 0 2.4 10.00 4.10 63.26 3.56 4.4 88 0.01 5.2789 1.4e+02 3e+02 2.3e+02
SKA1V8-C9B120 0 0 1400 -10 10.0-60.0arcsec 6 natural 0 0.75 7.90 10.58 7.44 10.37 1.4 1.3e+03 0.04 20.2539 43 39 1.3e+02
SKASUR 0 0 800 -30 10.0-60.0arcsec 6 natural 0 3.9 11.69 2.98 94.59 2.91 7.1 8e+02 0.07 15.9317 2.3e+02 1.6e+02 1.7e+02
SKA1W8-12C0B120 0 0 1000 -10 3.0-4.0arcsec 4 natural 0 2.8 10.00 3.57 60.72 3.63 5.1 35 0.15 3.3520 1.6e+02 8.8 15
SKA1W8-C9B120 0 0 1400 -50 2.0-3.0arcsec 3 natural 0 1.7 7.90 4.69 43.27 4.30 3.1 18 0.05 2.3921 97 7.7 22
SKASUR1 0 0 1400 -30 1.0-2.0arcsec 2 natural 0 4.5 7.90 1.74 273.35 1.71 8.3 5.8 0.09 1.3550 2.6e+02 54 56
SKA1V8-C9B120 0 0 650 -30 0.4-1.0arcsec 0 natural 0 2.3 13.52 6.00 17.34 6.79 4.1 2 0.12 0.7990 1.3e+02 59 40
SKA1V8 0 0 650 -50 10.0-100.0arcsec 7 natural 0 0.98 13.52 13.83 5.50 12.06 1.8 2e+03 0.03 25.0261 56 3.1e+02 1.8e+02
SKA1W8-V2 0 0 800 -30 10.0-100.0arcsec 7 natural 0 1 11.69 11.28 6.05 11.50 1.9 2.4e+03 0.02 27.5237 60 1.4e+02 1.5e+02
SKA1W8 0 0 800 -30 3.0-10.0arcsec 5 natural 0 1.7 11.69 6.93 15.27 7.24 3.1 80 0.07 5.0651 97 51 59
SKA1W8-C9B120 0 0 1400 -50 0.4-1.0arcsec 0 natural 0 0.78 7.90 10.17 9.76 9.05 1.4 0.83 0.07 0.5154 45 36 83
SKASUR1 0 0 800 -10 3.0-4.0arcsec 4 natural 0 11 11.69 1.08 497.51 1.27 20 36 0.22 3.4051 6.3e+02 21 30
SKA1W8 0 0 650 -50 0.4-2.0arcsec 1 natural 0 1.1 13.52 11.85 6.70 10.93 2.1 3.1 0.10 0.9905 66 2.3e+02 1.3e+02
SKA1W8-12C0B120 0 0 800 -10 2.0-3.0arcsec 3 natural 0 2.6 11.69 4.44 33.82 4.86 4.8 17 0.05 2.3353 1.5e+02 21 31
SKA1V8 0 0 1400 -30 3.0-10.0arcsec 5 natural 0 0.9 7.90 8.76 12.23 8.09 1.6 85 0.01 5.2164 52 27 74
SKA1W8 0 0 800 -30 0.4-1.0arcsec 0 natural 0 1.4 11.69 8.38 10.42 8.76 2.5 1.6 0.12 0.7067 80 75 77
SKASUR1 0 0 800 -50 10.0-60.0arcmin 8 natural 0 55 11.69 0.21 20376.72 0.20 1e+02 2.9e+06 0.19 962.7522 3.1e+03 0.82 0.82
SKASUR1 0 0 1400 -30 10.0-60.0arcsec 6 natural 0 3 7.90 2.60 56.48 3.76 5.5 7.3e+02 0.05 15.2911 1.8e+02 1.2e+02 2.7e+02
SKASUR1 0 0 650 -50 2.0-3.0arcsec 3 natural 0 9.4 13.52 1.44 344.70 1.52 17 19 0.14 2.4368 5.4e+02 37 43
SKA1W8 0 0 1400 -30 10.0-100.0arcsec 7 natural 0 0.66 7.90 11.99 6.12 11.43 1.2 2.4e+03 0.01 27.7621 38 50 1.5e+02
SKA1V8-C9B120 0 0 1400 -50 2.0-3.0arcsec 3 natural 0 1.5 7.90 5.32 31.09 5.07 2.7 17 0.07 2.3610 86 9.9 31
SKA1W8-V2 0 0 1000 -10 2.0-3.0arcsec 3 natural 0 3 10.00 3.33 37.70 4.61 5.5 17 0.10 2.3629 1.7e+02 7.6 27
SKA1W8 0 0 650 -10 0.4-1.0arcsec 0 natural 0 1.7 13.52 8.13 10.78 8.61 3 2 0.04 0.8046 96 1.1e+02 71
SKA1V8 0 0 1400 -50 0.4-2.0arcsec 1 natural 0 0.75 7.90 10.48 8.97 9.44 1.4 1.8 0.07 0.7570 43 38 97
SKASUR 0 0 800 -10 3.0-10.0arcsec 5 natural 0 3.6 11.69 3.27 65.00 3.51 6.5 98 0.03 5.5916 2.1e+02 1.9e+02 2.3e+02
SKA1V8 0 0 800 -50 10.0-60.0arcmin 8 natural 0 6.4 11.69 1.82 257.08 1.76 12 2e+06 0.00 793.8354 3.7e+02 3.6 5.6
SKA1V8 0 0 800 -50 2.0-3.0arcsec 3 natural 0 2.6 11.69 4.55 36.79 4.66 4.7 17 0.06 2.3386 1.5e+02 22 26
SKA1W8-V2 0 0 1400 -50 0.4-1.0arcsec 0 natural 0 0.76 7.90 10.45 10.67 8.66 1.4 0.92 0.08 0.5429 44 38 67
SKA1W8-12C0B120 0 0 650 -10 0.4-1.0arcsec 0 natural 0 1.6 13.52 8.65 8.92 9.47 2.8 2 0.03 0.7965 90 1.2e+02 83
SKA1W8-C9B120 0 0 650 -30 3.0-10.0arcsec 5 natural 0 1.6 13.52 8.21 13.65 7.66 3 79 0.07 5.0183 95 1.1e+02 65
SKA1W8 0 0 1000 -50 3.0-4.0arcsec 4 natural 0 3.5 10.00 2.85 69.70 3.39 6.4 35 0.09 3.3379 2e+02 5.6 14
SKASUR1 0 0 650 -30 3.0-10.0arcsec 5 natural 0 4.5 13.52 3.00 79.81 3.17 8.2 89 0.09 5.3416 2.6e+02 1.6e+02 1.8e+02
SKA1V8 0 0 1000 -10 10.0-100.0arcsec 7 natural 0 1 10.00 9.78 5.52 12.04 1.9 2.1e+03 0.03 25.8850 59 66 1.8e+02
SKA1W8-C9B120 0 0 1400 -30 0.4-1.0arcsec 0 natural 0 0.78 7.90 10.13 9.54 9.16 1.4 0.83 0.08 0.5158 45 36 87
SKA1V8-C9B120 0 0 1400 -30 3.0-4.0arcsec 4 natural 0 1.8 7.90 4.30 46.79 4.13 3.4 35 0.06 3.3417 1.1e+02 6.5 20
SKA1W8-12C0B120 0 0 800 -50 10.0-100.0arcsec 7 natural 0 1 11.69 11.28 6.04 11.51 1.9 2.3e+03 0.02 26.9362 60 1.4e+02 1.6e+02
SKA1W8-12C0B120 0 0 650 -10 10.0-100.0arcsec 7 natural 0 1.1 13.52 12.67 6.38 11.20 1.9 2.3e+03 0.10 27.1706 61 2.6e+02 1.5e+02
SKASUR 0 0 1400 -30 3.0-10.0arcsec 5 natural 0 2.6 7.90 3.09 63.26 3.56 4.7 73 0.07 4.8165 1.5e+02 1.7e+02 2.3e+02
SKA1V8 0 0 800 -10 0.4-1.0arcsec 0 natural 0 1.8 11.69 6.66 16.93 6.87 3.2 1.2 0.08 0.6169 1e+02 48 47
SKA1W8 0 0 650 -30 1.0-2.0arcsec 2 natural 0 1.6 13.52 8.40 19.02 6.49 2.9 4.8 0.05 1.2423 93 1.1e+02 62
SKA1W8-C9B120 0 0 800 -10 3.0-4.0arcsec 4 natural 0 3.5 11.69 3.34 64.90 3.51 6.4 35 0.05 3.3370 2e+02 12 14
SKA1W8 0 0 1400 -30 3.0-10.0arcsec 5 natural 0 1 7.90 7.89 15.27 7.24 1.8 88 0.01 5.2826 58 22 59
SKA1V8-C9B120 0 0 800 -50 2.0-3.0arcsec 3 natural 0 2.4 11.69 4.91 31.09 5.07 4.3 17 0.07 2.3307 1.4e+02 26 31
SKA1W8-V2 0 0 800 -10 3.0-4.0arcsec 4 natural 0 3.4 11.69 3.42 64.32 3.53 6.2 36 0.00 3.3686 2e+02 13 15
SKA1W8-12C0B120 0 0 1000 -30 2.0-3.0arcsec 3 natural 0 2.9 10.00 3.45 36.39 4.69 5.3 18 0.05 2.3850 1.7e+02 8.2 28
SKA1W8-V2 0 0 1400 -30 3.0-4.0arcsec 4 natural 0 2.4 7.90 3.25 68.06 3.43 4.4 35 0.01 3.3456 1.4e+02 3.7 14
SKA1W8-V2 0 0 650 -10 3.0-10.0arcsec 5 natural 0 1.7 13.52 8.04 15.34 7.22 3.1 74 0.00 4.8502 97 1.1e+02 61
SKASUR 0 0 1400 -50 1.0-2.0arcsec 2 natural 0 4.1 7.90 1.93 176.90 2.13 7.4 5.7 0.04 1.3475 2.4e+02 67 83
SKA1W8 0 0 1000 -10 0.4-2.0arcsec 1 natural 0 1.1 10.00 9.22 6.88 10.78 2 1.7 0.05 0.7291 63 58 1.3e+02
SKA1W8-C9B120 0 0 1400 -10 1.0-2.0arcsec 2 natural 0 1.3 7.90 6.02 17.57 6.75 2.4 5.5 0.05 1.3258 76 13 69
SKA1W8-12C0B120 0 0 1400 -50 1.0-2.0arcsec 2 natural 0 1.2 7.90 6.45 13.76 7.62 2.2 5 0.06 1.2602 71 15 90
SKA1V8 0 0 800 -30 3.0-4.0arcsec 4 natural 0 3.1 11.69 3.72 54.83 3.82 5.7 35 0.08 3.3336 1.8e+02 15 17
SKA1V8 0 0 1400 -50 3.0-10.0arcsec 5 natural 0 0.89 7.90 8.87 12.00 8.16 1.6 85 0.01 5.1906 51 28 75
SKASUR 0 0 800 -50 2.0-3.0arcsec 3 natural 0 8.1 11.69 1.44 281.03 1.69 15 17 0.02 2.3586 4.7e+02 37 52
SKA1V8 0 0 650 -50 10.0-60.0arcsec 6 natural 0 1.1 13.52 11.84 7.34 10.44 2.1 1.3e+03 0.04 20.0686 66 2.3e+02 1.3e+02
SKASUR1 0 0 650 -30 2.0-3.0arcsec 3 natural 0 9.5 13.52 1.43 365.42 1.48 17 19 0.21 2.4588 5.5e+02 37 40
SKA1W8-C9B120 0 0 800 -10 10.0-100.0arcsec 7 natural 0 1.1 11.69 10.98 6.48 11.11 1.9 1.8e+03 0.01 24.1810 61 1.3e+02 1.5e+02
SKA1W8-12C0B120 0 0 1000 -50 0.4-1.0arcsec 0 natural 0 1.2 10.00 8.63 8.82 9.52 2.1 1.3 0.09 0.6335 67 51 84
SKASUR 0 0 1400 -50 2.0-3.0arcsec 3 natural 0 4.5 7.90 1.75 281.03 1.69 8.2 18 0.06 2.3921 2.6e+02 55 52
SKA1W8-C9B120 0 0 1000 -10 2.0-3.0arcsec 3 natural 0 3 10.00 3.37 42.61 4.33 5.4 17 0.04 2.3476 1.7e+02 7.8 23
SKASUR1 0 0 800 -30 3.0-10.0arcsec 5 natural 0 4.1 11.69 2.82 79.81 3.17 7.6 92 0.06 5.4165 2.4e+02 1.4e+02 1.8e+02
SKA1W8-C9B120 0 0 1400 -30 3.0-10.0arcsec 5 natural 0 0.94 7.90 8.42 13.65 7.66 1.7 86 0.02 5.2221 54 25 65
SKASUR1 0 0 800 -30 2.0-3.0arcsec 3 natural 0 8.7 11.69 1.35 365.42 1.48 16 17 0.06 2.3418 5e+02 33 40
SKASUR 0 0 650 -50 10.0-60.0arcmin 8 natural 0 47 13.52 0.29 17026.35 0.22 85 3.4e+06 0.26 1050.6848 2.7e+03 1.5 0.96
SKA1W8 0 0 1000 -50 10.0-100.0arcsec 7 natural 0 1.1 10.00 9.27 6.00 11.55 2 2.5e+03 0.02 28.2287 62 59 1.6e+02
SKA1W8 0 0 800 -10 10.0-60.0arcsec 6 natural 0 1.2 11.69 9.64 8.27 9.84 2.2 1.3e+03 0.07 20.3465 70 1e+02 1.1e+02
SKA1W8-V2 0 0 800 -50 2.0-3.0arcsec 3 natural 0 2.8 11.69 4.21 37.55 4.62 5.1 16 0.04 2.2871 1.6e+02 19 28
SKASUR1 0 0 1400 -10 10.0-60.0arcmin 8 natural 0 64 7.90 0.12 16917.25 0.22 1.2e+02 1.9e+06 0.03 776.0777 3.7e+03 0.27 0.99
SKA1W8-C9B120 0 0 1400 -30 1.0-2.0arcsec 2 natural 0 1.3 7.90 5.91 18.83 6.52 2.4 5.5 0.08 1.3262 77 12 63
SKA1W8-C9B120 0 0 1000 -10 1.0-2.0arcsec 2 natural 0 2 10.00 5.04 17.57 6.75 3.6 5.2 0.06 1.2912 1.1e+02 17 69
SKA1W8 0 0 1000 -10 0.4-1.0arcsec 0 natural 0 1.3 10.00 7.75 10.78 8.61 2.4 1.2 0.05 0.6215 74 41 71
SKASUR 0 0 1000 -50 10.0-60.0arcsec 6 natural 0 3.7 10.00 2.68 94.93 2.90 6.8 8.5e+02 0.04 16.4989 2.1e+02 1.3e+02 1.7e+02
SKA1V8 0 0 650 -50 0.4-1.0arcsec 0 natural 0 1.9 13.52 7.02 16.55 6.95 3.5 1.5 0.12 0.6911 1.1e+02 80 50
SKA1W8-12C0B120 0 0 1000 -30 0.4-1.0arcsec 0 natural 0 1.1 10.00 8.74 8.68 9.60 2.1 1.2 0.10 0.6293 66 52 86
SKA1W8 0 0 800 -30 10.0-60.0arcsec 6 natural 0 1.2 11.69 9.48 8.35 9.79 2.2 1.3e+03 0.02 20.3133 71 96 1.1e+02
SKASUR 0 0 800 -30 3.0-4.0arcsec 4 natural 0 9.8 11.69 1.20 347.93 1.52 18 36 0.08 3.4008 5.6e+02 26 43
SKA1W8-12C0B120 0 0 800 -30 10.0-100.0arcsec 7 natural 0 1 11.69 11.16 6.16 11.40 1.9 2.3e+03 0.01 26.8437 60 1.3e+02 1.6e+02
SKA1W8-V2 0 0 1400 -10 2.0-3.0arcsec 3 natural 0 1.6 7.90 5.03 37.70 4.61 2.9 17 0.11 2.3594 91 8.9 27
SKA1V8 0 0 650 -10 0.4-1.0arcsec 0 natural 0 2 13.52 6.79 16.93 6.87 3.6 1.5 0.08 0.6929 1.1e+02 75 47
SKA1V8-C9B120 0 0 1400 -30 0.4-1.0arcsec 0 natural 0 0.93 7.90 8.54 17.34 6.79 1.7 1.1 0.08 0.5790 53 26 40
SKA1W8-C9B120 0 0 1400 -30 10.0-100.0arcsec 7 natural 0 0.71 7.90 11.16 6.65 10.97 1.3 2.2e+03 0.02 26.3378 41 44 1.5e+02
SKA1V8 0 0 1000 -50 3.0-10.0arcsec 5 natural 0 1.4 10.00 6.91 12.00 8.16 2.6 86 0.05 5.2393 83 33 75
SKA1V8 0 0 650 -30 10.0-60.0arcmin 8 natural 0 5.3 13.52 2.54 261.19 1.75 9.7 2.1e+06 0.01 814.6448 3.1e+02 10 5.5
SKA1V8 0 0 1400 -10 3.0-4.0arcsec 4 natural 0 2 7.90 4.00 54.37 3.84 3.6 35 0.04 3.3503 1.1e+02 5.6 17
SKA1W8-V2 0 0 800 -30 2.0-3.0arcsec 3 natural 0 2.7 11.69 4.26 37.45 4.62 5 17 0.00 2.3302 1.6e+02 19 27
SKA1W8-V2 0 0 1400 -10 10.0-100.0arcsec 7 natural 0 0.66 7.90 11.98 6.14 11.41 1.2 2.6e+03 0.06 28.8201 38 50 1.5e+02
SKASUR1 0 0 800 -10 1.0-2.0arcsec 2 natural 0 8 11.69 1.47 270.11 1.72 15 7.9 0.39 1.6332 4.6e+02 39 57
SKA1V8 0 0 1400 -30 2.0-3.0arcsec 3 natural 0 1.6 7.90 4.91 37.13 4.64 2.9 17 0.10 2.3456 93 8.4 26
SKA1V8-C9B120 0 0 1400 -50 1.0-2.0arcsec 2 natural 0 1.1 7.90 7.15 17.72 6.72 2 5.5 0.07 1.3194 64 18 53
SKA1W8-C9B120 0 0 1400 -30 3.0-4.0arcsec 4 natural 0 2.1 7.90 3.82 62.13 3.59 3.8 35 0.05 3.3377 1.2e+02 5.1 15
SKASUR1 0 0 1000 -50 0.4-1.0arcsec 0 natural 0 15 10.00 0.67 1641.07 0.70 27 2.8 0.41 0.9810 8.6e+02 8.1 14
SKA1W8-C9B120 0 0 1400 -50 10.0-60.0arcmin 8 natural 0 7.7 7.90 1.03 261.61 1.75 14 1.6e+06 0.03 715.5258 4.4e+02 0.37 5.6
SKA1W8 0 0 1400 -30 10.0-60.0arcmin 8 natural 0 7.6 7.90 1.04 259.65 1.76 14 1.6e+06 0.02 716.1607 4.4e+02 0.38 5.6
SKA1W8-V2 0 0 1400 -30 2.0-3.0arcsec 3 natural 0 1.6 7.90 5.04 37.45 4.62 2.9 17 0.15 2.3611 90 8.9 27
SKASUR1 0 0 650 -50 10.0-60.0arcsec 6 natural 0 3 13.52 4.55 56.44 3.77 5.4 1.1e+03 0.15 19.1257 1.7e+02 3.7e+02 2.7e+02
SKA1W8 0 0 1000 -10 3.0-4.0arcsec 4 natural 0 3.5 10.00 2.89 69.37 3.40 6.3 35 0.10 3.3296 2e+02 5.7 14
SKA1V8-C9B120 0 0 800 -50 3.0-10.0arcsec 5 natural 0 1.4 11.69 8.37 10.51 8.72 2.5 82 0.05 5.0994 80 75 88
SKA1W8-12C0B120 0 0 650 -10 3.0-10.0arcsec 5 natural 0 1.6 13.52 8.39 14.33 7.47 2.9 75 0.00 4.8895 93 1.1e+02 66
SKASUR 0 0 1000 -50 3.0-10.0arcsec 5 natural 0 2.4 10.00 4.17 61.13 3.62 4.4 86 0.03 5.2282 1.4e+02 3.1e+02 2.4e+02
SKA1W8-C9B120 0 0 1000 -10 10.0-60.0arcmin 8 natural 0 8 10.00 1.25 237.81 1.83 15 1.9e+06 0.02 781.4314 4.6e+02 1.1 6.1
SKA1W8-12C0B120 0 0 800 -30 1.0-2.0arcsec 2 natural 0 1.6 11.69 7.40 14.08 7.54 2.9 5.1 0.03 1.2719 91 59 88
SKASUR 0 0 800 -50 0.4-2.0arcsec 1 natural 0 5.2 11.69 2.25 113.00 2.66 9.5 5.5 0.26 1.3363 3e+02 91 1.3e+02
SKASUR 0 0 800 -30 10.0-100.0arcsec 7 natural 0 3.8 11.69 3.09 88.22 3.01 6.9 8.8e+02 0.08 16.7888 2.2e+02 1.7e+02 1.8e+02
SKA1V8-C9B120 0 0 800 -50 10.0-60.0arcsec 6 natural 0 1.2 11.69 10.05 7.40 10.40 2.1 1.1e+03 0.02 19.0782 67 1.1e+02 1.3e+02
SKA1W8-V2 0 0 800 -50 10.0-60.0arcmin 8 natural 0 6.3 11.69 1.85 250.66 1.79 12 2e+06 0.00 793.8355 3.6e+02 3.7 5.8
SKA1V8-C9B120 0 0 1000 -10 10.0-60.0arcsec 6 natural 0 1.2 10.00 8.48 7.44 10.37 2.1 1.2e+03 0.01 19.7286 68 49 1.3e+02
SKA1W8-C9B120 0 0 800 -30 10.0-60.0arcmin 8 natural 0 6.5 11.69 1.80 262.39 1.75 12 2e+06 0.01 790.8395 3.7e+02 3.5 5.6
SKA1V8 0 0 800 -50 1.0-2.0arcsec 2 natural 0 2 11.69 5.87 21.16 6.15 3.6 5.9 0.03 1.3691 1.1e+02 37 44
SKA1W8 0 0 650 -30 3.0-10.0arcsec 5 natural 0 1.7 13.52 7.83 15.27 7.24 3.1 75 0.07 4.8789 1e+02 99 59
SKA1W8-V2 0 0 1400 -10 10.0-60.0arcsec 6 natural 0 0.76 7.90 10.40 8.78 9.55 1.4 1.7e+03 0.05 23.1959 44 38 1e+02
SKA1V8-C9B120 0 0 1000 -30 3.0-4.0arcsec 4 natural 0 2.9 10.00 3.51 46.79 4.13 5.2 35 0.08 3.3481 1.6e+02 8.4 20
SKASUR 0 0 1400 -10 2.0-3.0arcsec 3 natural 0 4.7 7.90 1.67 274.57 1.71 8.6 18 0.07 2.3866 2.7e+02 50 53
SKA1W8-C9B120 0 0 650 -10 0.4-2.0arcsec 1 natural 0 1.2 13.52 11.59 6.50 11.09 2.1 3.1 0.06 0.9879 67 2.2e+02 1.3e+02
SKASUR1 0 0 650 -30 0.4-2.0arcsec 1 natural 0 8.3 13.52 1.63 194.27 2.03 15 11 0.45 1.9518 4.8e+02 48 78
SKA1V8-C9B120 0 0 1000 -30 0.4-1.0arcsec 0 natural 0 1.7 10.00 6.01 17.34 6.79 3 1.2 0.08 0.6279 96 25 40
SKA1W8-12C0B120 0 0 650 -10 3.0-4.0arcsec 4 natural 0 3.4 13.52 3.96 60.72 3.63 6.2 35 0.07 3.3423 2e+02 25 15
SKA1V8 0 0 1400 -10 1.0-2.0arcsec 2 natural 0 1.2 7.90 6.65 20.84 6.20 2.2 5.5 0.06 1.3216 68 15 45
SKA1W8-12C0B120 0 0 1000 -50 0.4-2.0arcsec 1 natural 0 0.98 10.00 10.20 5.48 12.08 1.8 1.7 0.09 0.7419 57 71 1.6e+02
SKA1V8 0 0 650 -30 2.0-3.0arcsec 3 natural 0 2.5 13.52 5.31 37.13 4.64 4.6 17 0.07 2.3515 1.5e+02 46 26
SKA1V8 0 0 1000 -10 10.0-60.0arcsec 6 natural 0 1.2 10.00 8.57 7.37 10.42 2.1 1.3e+03 0.02 20.5751 67 50 1.3e+02
SKA1W8-C9B120 0 0 1400 -50 10.0-60.0arcsec 6 natural 0 0.8 7.90 9.93 8.72 9.58 1.4 1.5e+03 0.02 21.5965 46 35 1.1e+02
SKA1W8-V2 0 0 1000 -10 10.0-60.0arcmin 8 natural 0 7.8 10.00 1.28 231.19 1.86 14 1.9e+06 0.02 781.4811 4.5e+02 1.1 6.2
SKASUR1 0 0 1400 -50 10.0-60.0arcsec 6 natural 0 3.1 7.90 2.59 56.44 3.77 5.6 7.2e+02 0.04 15.1910 1.8e+02 1.2e+02 2.7e+02
SKA1W8 0 0 1400 -30 0.4-1.0arcsec 0 natural 0 0.8 7.90 9.89 10.42 8.76 1.5 0.85 0.10 0.5219 46 34 77
SKA1V8-C9B120 0 0 650 -10 3.0-10.0arcsec 5 natural 0 1.4 13.52 9.60 10.48 8.74 2.6 76 0.01 4.9281 81 1.5e+02 87
SKASUR 0 0 1000 -30 10.0-60.0arcsec 6 natural 0 3.8 10.00 2.66 94.59 2.91 6.9 8.6e+02 0.05 16.5812 2.2e+02 1.3e+02 1.7e+02
SKA1W8 0 0 1000 -50 2.0-3.0arcsec 3 natural 0 3 10.00 3.36 45.40 4.20 5.4 17 0.04 2.3444 1.7e+02 7.7 22
SKA1V8-C9B120 0 0 1400 -50 3.0-10.0arcsec 5 natural 0 0.85 7.90 9.35 10.51 8.72 1.5 83 0.03 5.1285 49 31 88
SKA1V8-C9B120 0 0 650 -30 10.0-60.0arcsec 6 natural 0 1.1 13.52 12.15 7.29 10.48 2 1.2e+03 0.02 19.5967 64 2.4e+02 1.4e+02
SKA1W8-C9B120 0 0 800 -50 10.0-60.0arcmin 8 natural 0 6.4 11.69 1.82 261.61 1.75 12 2e+06 0.00 792.9163 3.7e+02 3.5 5.6
SKASUR1 0 0 1400 -10 0.4-1.0arcsec 0 natural 0 6.2 7.90 1.27 1398.98 0.76 11 2.2 0.41 0.8757 3.6e+02 29 15
SKASUR 0 0 800 -50 3.0-10.0arcsec 5 natural 0 3.4 11.69 3.41 61.13 3.62 6.2 95 0.00 5.4968 2e+02 2.1e+02 2.4e+02
SKA1W8-12C0B120 0 0 650 -10 0.4-2.0arcsec 1 natural 0 1 13.52 13.10 5.39 12.19 1.9 3.4 0.04 1.0391 59 2.8e+02 1.7e+02
SKA1V8-C9B120 0 0 1400 -30 1.0-2.0arcsec 2 natural 0 1.1 7.90 7.15 17.54 6.75 2 5.5 0.08 1.3249 64 18 54
SKASUR 0 0 1400 -50 3.0-10.0arcsec 5 natural 0 2.6 7.90 3.10 61.13 3.62 4.7 74 0.07 4.8506 1.5e+02 1.7e+02 2.4e+02
SKA1W8 0 0 1400 -50 0.4-2.0arcsec 1 natural 0 0.67 7.90 11.86 6.70 10.93 1.2 1.2 0.09 0.6119 38 49 1.3e+02
SKASUR 0 0 650 -10 0.4-1.0arcsec 0 natural 0 27 13.52 0.51 362.42 1.49 49 2.5 0.30 0.9123 1.5e+03 4.6 49
SKA1W8 0 0 1400 -50 3.0-10.0arcsec 5 natural 0 1 7.90 7.85 15.27 7.24 1.8 87 0.01 5.2564 58 22 59
SKA1W8-C9B120 0 0 800 -30 0.4-1.0arcsec 0 natural 0 1.3 11.69 8.88 9.54 9.16 2.4 1.5 0.13 0.7025 76 84 87
SKA1W8-V2 0 0 650 -10 0.4-1.0arcsec 0 natural 0 1.8 13.52 7.41 11.16 8.47 3.3 2.1 0.04 0.8083 1.1e+02 89 63
SKA1V8-C9B120 0 0 800 -30 10.0-100.0arcsec 7 natural 0 0.98 11.69 11.89 5.65 11.90 1.8 1.6e+03 0.00 22.8338 57 1.5e+02 1.8e+02
SKASUR1 0 0 1000 -30 2.0-3.0arcsec 3 natural 0 5.9 10.00 1.68 365.42 1.48 11 18 0.13 2.3657 3.4e+02 51 40
SKASUR1 0 0 1000 -10 10.0-60.0arcsec 6 natural 0 2.5 10.00 3.94 55.01 3.81 4.6 8.5e+02 0.11 16.5068 1.5e+02 2.8e+02 2.8e+02
SKA1W8 0 0 1000 -30 10.0-60.0arcmin 8 natural 0 8.3 10.00 1.20 259.65 1.76 15 1.9e+06 0.03 776.1893 4.8e+02 0.99 5.6
SKA1W8 0 0 1000 -30 2.0-3.0arcsec 3 natural 0 2.9 10.00 3.41 45.67 4.19 5.3 17 0.06 2.3328 1.7e+02 8 22
SKASUR 0 0 1400 -30 0.4-2.0arcsec 1 natural 0 2.8 7.90 2.78 108.82 2.71 5.2 2.7 0.27 0.9381 1.6e+02 1.4e+02 1.4e+02
SKASUR1 0 0 1000 -10 0.4-2.0arcsec 1 natural 0 4.1 10.00 2.46 192.32 2.04 7.4 6.2 0.35 1.4412 2.3e+02 1.1e+02 79
SKA1W8-12C0B120 0 0 1000 -50 2.0-3.0arcsec 3 natural 0 3 10.00 3.36 35.77 4.73 5.4 18 0.03 2.3675 1.7e+02 7.7 30
SKA1V8 0 0 800 -50 0.4-1.0arcsec 0 natural 0 1.7 11.69 6.84 16.55 6.95 3.1 1.2 0.12 0.6181 99 50 50
SKA1W8-12C0B120 0 0 800 -30 10.0-60.0arcsec 6 natural 0 1.2 11.69 9.43 8.47 9.72 2.3 1.3e+03 0.02 20.4622 71 95 1.1e+02
SKA1W8 0 0 1400 -10 0.4-2.0arcsec 1 natural 0 0.67 7.90 11.79 6.88 10.78 1.2 1.2 0.09 0.6212 39 49 1.3e+02
SKA1W8 0 0 800 -10 10.0-100.0arcsec 7 natural 0 1 11.69 11.32 6.07 11.48 1.9 2.2e+03 0.07 26.3473 60 1.4e+02 1.6e+02
SKA1W8 0 0 800 -30 3.0-4.0arcsec 4 natural 0 3.4 11.69 3.42 65.79 3.49 6.2 36 0.10 3.3736 2e+02 13 15
SKA1W8-C9B120 0 0 650 -10 2.0-3.0arcsec 3 natural 0 2.7 13.52 4.98 42.61 4.33 4.9 17 0.12 2.3565 1.6e+02 40 23
SKASUR1 0 0 800 -30 10.0-60.0arcmin 8 natural 0 53 11.69 0.22 19257.87 0.20 96 2.9e+06 0.27 973.6785 3e+03 0.88 0.86
SKA1W8-12C0B120 0 0 1000 -30 1.0-2.0arcsec 2 natural 0 1.8 10.00 5.49 14.08 7.54 3.3 5.4 0.07 1.3152 1.1e+02 21 88
SKA1W8-C9B120 0 0 1400 -30 0.4-2.0arcsec 1 natural 0 0.66 7.90 12.01 6.28 11.28 1.2 1.1 0.08 0.6030 38 51 1.5e+02
SKA1V8 0 0 1000 -50 10.0-60.0arcmin 8 natural 0 8.3 10.00 1.21 257.08 1.76 15 1.9e+06 0.02 775.0471 4.8e+02 1 5.6
SKA1V8-C9B120 0 0 800 -50 10.0-100.0arcsec 7 natural 0 1 11.69 11.41 5.88 11.66 1.9 1.6e+03 0.02 22.8855 59 1.4e+02 1.7e+02
SKA1W8 0 0 1000 -50 10.0-60.0arcmin 8 natural 0 8.3 10.00 1.21 257.85 1.76 15 1.9e+06 0.02 775.0471 4.8e+02 1 5.6
SKASUR 0 0 1400 -10 1.0-2.0arcsec 2 natural 0 4.1 7.90 1.91 181.11 2.10 7.5 5.6 0.13 1.3440 2.4e+02 66 81
SKASUR1 0 0 800 -50 2.0-3.0arcsec 3 natural 0 8.3 11.69 1.40 344.70 1.52 15 17 0.09 2.3611 4.8e+02 35 43
SKA1W8-V2 0 0 800 -10 10.0-100.0arcsec 7 natural 0 1.1 11.69 11.13 6.14 11.41 1.9 2.4e+03 0.08 27.4551 61 1.3e+02 1.5e+02
SKA1V8 0 0 1000 -50 2.0-3.0arcsec 3 natural 0 2.7 10.00 3.73 36.79 4.66 4.9 17 0.02 2.3406 1.5e+02 9.5 26
SKA1V8-C9B120 0 0 1000 -50 1.0-2.0arcsec 2 natural 0 1.8 10.00 5.60 17.72 6.72 3.3 5.7 0.05 1.3526 1e+02 22 53
SKASUR 0 0 650 -30 2.0-3.0arcsec 3 natural 0 7.7 13.52 1.76 276.84 1.70 14 17 0.24 2.3604 4.4e+02 56 53
SKA1V8-C9B120 0 0 800 -10 10.0-60.0arcmin 8 natural 0 6.1 11.69 1.90 234.48 1.85 11 2e+06 0.00 797.8332 3.5e+02 3.9 6.2
SKA1W8-12C0B120 0 0 1400 -30 0.4-2.0arcsec 1 natural 0 0.6 7.90 13.18 5.48 12.08 1.1 1.2 0.10 0.6208 35 61 1.6e+02
SKA1W8-V2 0 0 1400 -10 0.4-2.0arcsec 1 natural 0 0.64 7.90 12.26 6.50 11.10 1.2 1.3 0.07 0.6482 37 53 1.4e+02
SKA1W8-C9B120 0 0 1400 -50 0.4-2.0arcsec 1 natural 0 0.66 7.90 12.06 6.38 11.20 1.2 1.1 0.07 0.5999 38 51 1.4e+02
SKASUR 0 0 1000 -50 1.0-2.0arcsec 2 natural 0 4 10.00 2.48 176.90 2.13 7.3 5.5 0.23 1.3339 2.3e+02 1.1e+02 83
SKA1W8-12C0B120 0 0 1400 -10 3.0-4.0arcsec 4 natural 0 2.3 7.90 3.38 60.72 3.63 4.3 35 0.01 3.3370 1.3e+02 4 15
SKA1W8 0 0 1400 -30 2.0-3.0arcsec 3 natural 0 1.8 7.90 4.31 45.67 4.19 3.3 17 0.07 2.3479 1.1e+02 6.5 22
SKA1W8-12C0B120 0 0 1400 -50 0.4-2.0arcsec 1 natural 0 0.6 7.90 13.14 5.48 12.08 1.1 1.2 0.08 0.6216 35 60 1.6e+02
SKASUR 0 0 1400 -10 10.0-100.0arcsec 7 natural 0 4.3 7.90 1.84 83.83 3.09 7.8 1e+03 0.07 17.8103 2.5e+02 61 1.9e+02
SKA1W8-V2 0 0 1000 -50 2.0-3.0arcsec 3 natural 0 3.1 10.00 3.26 37.55 4.62 5.6 17 0.04 2.3505 1.8e+02 7.3 28
SKASUR1 0 0 1400 -50 10.0-60.0arcmin 8 natural 0 71 7.90 0.11 20376.72 0.20 1.3e+02 1.8e+06 0.02 761.8067 4.1e+03 0.22 0.82
SKA1W8-C9B120 0 0 1400 -50 10.0-100.0arcsec 7 natural 0 0.7 7.90 11.29 6.53 11.07 1.3 2.2e+03 0.02 26.2143 40 45 1.5e+02
SKASUR 0 0 650 -30 3.0-10.0arcsec 5 natural 0 3.7 13.52 3.63 63.26 3.56 6.8 98 0.00 5.5980 2.1e+02 2.4e+02 2.3e+02
SKA1W8-C9B120 0 0 1400 -50 3.0-10.0arcsec 5 natural 0 0.94 7.90 8.41 13.62 7.66 1.7 84 0.03 5.1866 54 25 65
SKA1W8-V2 0 0 650 -10 10.0-60.0arcsec 6 natural 0 1.3 13.52 10.37 8.78 9.55 2.4 1.4e+03 0.10 21.0588 75 1.7e+02 1e+02
SKA1W8-C9B120 0 0 1000 -50 10.0-100.0arcsec 7 natural 0 1.1 10.00 9.13 6.53 11.07 2 2.1e+03 0.06 25.7909 63 57 1.5e+02
SKA1V8 0 0 800 -30 0.4-1.0arcsec 0 natural 0 1.7 11.69 6.73 16.80 6.90 3.2 1.2 0.14 0.6086 1e+02 48 49
SKA1W8-V2 0 0 650 -30 2.0-3.0arcsec 3 natural 0 2.4 13.52 5.53 37.45 4.62 4.5 17 0.07 2.3301 1.4e+02 50 27
SKA1W8-V2 0 0 1400 -30 10.0-60.0arcmin 8 natural 0 7.6 7.90 1.03 259.26 1.76 14 1.6e+06 0.02 716.1607 4.4e+02 0.37 5.6
SKA1W8-12C0B120 0 0 1400 -50 10.0-60.0arcmin 8 natural 0 7.5 7.90 1.06 257.53 1.76 14 1.6e+06 0.03 717.3603 4.3e+02 0.39 5.6
SKASUR 0 0 800 -50 10.0-100.0arcsec 7 natural 0 3.8 11.69 3.12 88.56 3.01 6.8 8.7e+02 0.07 16.6599 2.2e+02 1.7e+02 1.8e+02
SKASUR1 0 0 1400 -30 3.0-10.0arcsec 5 natural 0 2.5 7.90 3.14 79.81 3.17 4.6 95 0.13 5.5057 1.4e+02 1.8e+02 1.8e+02
SKASUR 0 0 1400 -10 10.0-60.0arcsec 6 natural 0 4.4 7.90 1.80 89.82 2.98 8 9.2e+02 0.07 17.1078 2.5e+02 58 1.8e+02
SKASUR 0 0 650 -50 10.0-100.0arcsec 7 natural 0 3.4 13.52 3.95 88.56 3.01 6.2 8.5e+02 0.05 16.4373 2e+02 2.8e+02 1.8e+02
SKA1W8-V2 0 0 1400 -10 0.4-1.0arcsec 0 natural 0 0.76 7.90 10.37 11.16 8.47 1.4 0.95 0.07 0.5513 44 38 63
SKA1V8 0 0 650 -30 3.0-10.0arcsec 5 natural 0 1.5 13.52 8.80 12.23 8.09 2.8 77 0.08 4.9420 89 1.3e+02 74
SKA1W8 0 0 1000 -10 10.0-60.0arcsec 6 natural 0 1.2 10.00 8.16 8.27 9.84 2.2 1.5e+03 0.03 21.5822 71 46 1.1e+02
SKA1W8-C9B120 0 0 800 -50 0.4-2.0arcsec 1 natural 0 1.1 11.69 10.74 6.38 11.20 2 2.2 0.10 0.8296 63 1.2e+02 1.4e+02
SKA1V8 0 0 1400 -50 3.0-4.0arcsec 4 natural 0 1.9 7.90 4.05 55.33 3.80 3.6 35 0.08 3.3408 1.1e+02 5.7 17
SKA1W8 0 0 1400 -10 3.0-4.0arcsec 4 natural 0 2.3 7.90 3.43 69.37 3.40 4.2 35 0.02 3.3460 1.3e+02 4.1 14
SKA1V8 0 0 650 -50 10.0-60.0arcmin 8 natural 0 5.3 13.52 2.56 257.08 1.76 9.6 2.1e+06 0.00 815.0991 3e+02 11 5.6
SKA1W8-12C0B120 0 0 1400 -30 2.0-3.0arcsec 3 natural 0 1.5 7.90 5.14 36.39 4.69 2.8 17 0.15 2.3418 89 9.3 28
SKASUR 0 0 800 -50 10.0-60.0arcmin 8 natural 0 50 11.69 0.23 17026.35 0.22 91 3e+06 0.20 975.8601 2.9e+03 0.98 0.96
SKA1V8 0 0 800 -30 2.0-3.0arcsec 3 natural 0 2.6 11.69 4.44 37.13 4.64 4.8 17 0.05 2.3480 1.5e+02 21 26
SKASUR1 0 0 1000 -50 10.0-60.0arcmin 8 natural 0 63 10.00 0.16 20376.72 0.20 1.2e+02 2.7e+06 0.17 936.8433 3.6e+03 0.45 0.82
SKA1W8-V2 0 0 1000 -30 10.0-100.0arcsec 7 natural 0 1 10.00 9.63 6.05 11.50 1.9 2.8e+03 0.02 29.5999 60 64 1.5e+02
SKASUR 0 0 1000 -30 1.0-2.0arcsec 2 natural 0 4 10.00 2.49 177.35 2.12 7.3 5.6 0.20 1.3458 2.3e+02 1.1e+02 83
SKA1W8 0 0 1400 -10 10.0-60.0arcsec 6 natural 0 0.74 7.90 10.61 8.27 9.84 1.4 1.6e+03 0.05 22.5646 43 39 1.1e+02
SKA1V8-C9B120 0 0 1000 -30 1.0-2.0arcsec 2 natural 0 1.8 10.00 5.56 17.54 6.75 3.3 5.7 0.10 1.3432 1e+02 21 54
SKA1W8-12C0B120 0 0 650 -10 2.0-3.0arcsec 3 natural 0 2.3 13.52 5.91 33.82 4.86 4.2 17 0.12 2.3280 1.3e+02 57 31
SKA1V8-C9B120 0 0 1400 -50 10.0-100.0arcsec 7 natural 0 0.68 7.90 11.64 5.88 11.66 1.2 1.8e+03 0.01 24.2307 39 47 1.7e+02
SKA1W8-V2 0 0 1000 -50 10.0-60.0arcsec 6 natural 0 1.3 10.00 7.94 8.80 9.53 2.3 1.6e+03 0.02 22.4975 73 43 1e+02
SKA1W8-12C0B120 0 0 650 -50 10.0-60.0arcmin 8 natural 0 5.3 13.52 2.55 257.53 1.76 9.6 2.1e+06 0.00 815.0991 3.1e+02 11 5.6
SKA1V8 0 0 650 -50 3.0-10.0arcsec 5 natural 0 1.5 13.52 8.86 12.00 8.16 2.8 78 0.05 4.9711 88 1.3e+02 75
SKASUR1 0 0 800 -10 3.0-10.0arcsec 5 natural 0 4.3 11.69 2.72 82.59 3.11 7.8 95 0.12 5.5233 2.5e+02 1.3e+02 1.8e+02
SKASUR 0 0 650 -10 1.0-2.0arcsec 2 natural 0 6.5 13.52 2.09 181.11 2.10 12 6.6 0.27 1.4621 3.7e+02 79 81
SKA1W8 0 0 1000 -10 10.0-100.0arcsec 7 natural 0 1 10.00 9.53 6.07 11.48 1.9 2.5e+03 0.05 27.9999 60 62 1.6e+02
SKA1W8-12C0B120 0 0 800 -10 3.0-4.0arcsec 4 natural 0 3.3 11.69 3.58 60.72 3.63 5.9 36 0.03 3.3941 1.9e+02 14 15
SKA1W8-V2 0 0 1000 -10 3.0-10.0arcsec 5 natural 0 1.6 10.00 6.20 15.34 7.22 2.9 75 0.05 4.8753 93 26 61
SKA1W8-12C0B120 0 0 650 -10 1.0-2.0arcsec 2 natural 0 1.3 13.52 10.22 13.21 7.78 2.4 4.9 0.06 1.2505 76 1.7e+02 92
SKA1V8-C9B120 0 0 1400 -30 3.0-10.0arcsec 5 natural 0 0.84 7.90 9.42 10.34 8.80 1.5 84 0.02 5.1641 48 31 89
SKA1V8-C9B120 0 0 800 -10 2.0-3.0arcsec 3 natural 0 2.4 11.69 4.81 31.10 5.07 4.4 17 0.04 2.3388 1.4e+02 25 32
SKA1W8 0 0 1000 -10 3.0-10.0arcsec 5 natural 0 1.7 10.00 5.95 15.66 7.15 3.1 85 0.02 5.1978 97 24 57
SKA1W8-12C0B120 0 0 1400 -50 2.0-3.0arcsec 3 natural 0 1.5 7.90 5.14 35.77 4.73 2.8 18 0.11 2.3684 89 9.2 30
SKA1V8 0 0 800 -10 2.0-3.0arcsec 3 natural 0 2.6 11.69 4.57 36.11 4.71 4.7 17 0.06 2.3423 1.5e+02 22 26
SKA1V8-C9B120 0 0 650 -30 10.0-100.0arcsec 7 natural 0 0.98 13.52 13.86 5.65 11.90 1.8 1.7e+03 0.02 23.4722 56 3.1e+02 1.8e+02
SKA1W8-12C0B120 0 0 1400 -30 3.0-10.0arcsec 5 natural 0 1 7.90 7.63 14.69 7.38 1.9 88 0.01 5.2881 60 20 64
SKASUR 0 0 800 -10 3.0-4.0arcsec 4 natural 0 9.5 11.69 1.24 354.12 1.50 17 36 0.02 3.3622 5.4e+02 28 42
SKA1W8-12C0B120 0 0 650 -50 10.0-100.0arcsec 7 natural 0 1 13.52 12.96 6.04 11.51 1.9 2.3e+03 0.05 27.1452 60 2.7e+02 1.6e+02
SKA1V8 0 0 650 -50 3.0-4.0arcsec 4 natural 0 3.2 13.52 4.25 55.33 3.80 5.8 35 0.04 3.3474 1.8e+02 29 17
SKA1V8-C9B120 0 0 650 -50 10.0-60.0arcsec 6 natural 0 1.1 13.52 12.04 7.40 10.40 2 1.2e+03 0.03 19.5855 65 2.4e+02 1.3e+02
SKASUR1 0 0 1400 -30 2.0-3.0arcsec 3 natural 0 5.5 7.90 1.44 365.42 1.48 10 18 0.13 2.3768 3.2e+02 37 40
SKASUR1 0 0 1400 -10 10.0-60.0arcsec 6 natural 0 3 7.90 2.65 55.01 3.81 5.4 7.5e+02 0.06 15.4223 1.7e+02 1.3e+02 2.8e+02
SKA1W8-12C0B120 0 0 800 -30 2.0-3.0arcsec 3 natural 0 2.8 11.69 4.19 36.39 4.69 5.1 17 0.01 2.3308 1.6e+02 19 28
SKA1W8-V2 0 0 1000 -30 10.0-60.0arcsec 6 natural 0 1.2 10.00 8.09 8.54 9.68 2.3 1.6e+03 0.02 22.4535 71 45 1e+02
SKA1W8-V2 0 0 800 -50 3.0-4.0arcsec 4 natural 0 3.4 11.69 3.40 65.72 3.49 6.3 36 0.09 3.4055 2e+02 12 14
SKA1W8-V2 0 0 650 -30 3.0-4.0arcsec 4 natural 0 3.6 13.52 3.74 68.06 3.43 6.6 35 0.01 3.3250 2.1e+02 23 14
SKASUR 0 0 1400 -10 3.0-10.0arcsec 5 natural 0 2.5 7.90 3.10 65.00 3.51 4.6 74 0.02 4.8698 1.5e+02 1.7e+02 2.3e+02
SKA1V8-C9B120 0 0 650 -10 0.4-1.0arcsec 0 natural 0 2.4 13.52 5.74 18.19 6.63 4.3 2 0.00 0.7999 1.4e+02 53 37
SKASUR1 0 0 1400 -50 0.4-1.0arcsec 0 natural 0 6.6 7.90 1.20 1641.07 0.70 12 2.3 0.40 0.8922 3.8e+02 26 14
SKA1W8-C9B120 0 0 800 -50 10.0-60.0arcsec 6 natural 0 1.2 11.69 9.36 8.72 9.58 2.3 1.2e+03 0.01 19.5459 72 94 1.1e+02
SKASUR1 0 0 1000 -30 3.0-10.0arcsec 5 natural 0 2.7 10.00 3.64 79.81 3.17 5 94 0.03 5.4834 1.6e+02 2.4e+02 1.8e+02
SKA1W8-12C0B120 0 0 650 -30 0.4-1.0arcsec 0 natural 0 1.5 13.52 8.92 8.68 9.60 2.8 2 0.15 0.8006 87 1.3e+02 86
SKASUR 0 0 1400 -10 0.4-1.0arcsec 0 natural 0 4 7.90 1.97 362.42 1.49 7.3 1.5 0.26 0.6973 2.3e+02 70 49
SKA1W8-C9B120 0 0 650 -10 3.0-10.0arcsec 5 natural 0 1.6 13.52 8.29 13.83 7.60 3 79 0.01 5.0246 94 1.1e+02 65
SKASUR1 0 0 650 -10 3.0-10.0arcsec 5 natural 0 4.7 13.52 2.91 82.59 3.11 8.5 91 0.13 5.3858 2.7e+02 1.5e+02 1.8e+02
SKA1W8-C9B120 0 0 650 -50 0.4-2.0arcsec 1 natural 0 1.1 13.52 12.30 6.38 11.20 2 3 0.10 0.9738 63 2.5e+02 1.4e+02
SKA1W8-12C0B120 0 0 800 -50 1.0-2.0arcsec 2 natural 0 1.6 11.69 7.51 13.76 7.62 2.8 5.2 0.01 1.2834 90 60 90
SKA1V8 0 0 1000 -30 3.0-10.0arcsec 5 natural 0 1.5 10.00 6.84 12.23 8.09 2.7 87 0.06 5.2543 84 32 74
SKA1V8 0 0 1000 -30 10.0-60.0arcsec 6 natural 0 1.2 10.00 8.43 7.49 10.34 2.2 1.4e+03 0.02 20.7808 68 49 1.3e+02
SKA1W8-C9B120 0 0 1000 -50 3.0-10.0arcsec 5 natural 0 1.5 10.00 6.51 13.62 7.66 2.8 85 0.04 5.1946 89 29 65
SKA1W8-C9B120 0 0 800 -50 2.0-3.0arcsec 3 natural 0 2.9 11.69 4.08 43.27 4.30 5.2 17 0.08 2.3414 1.7e+02 18 22
SKA1W8 0 0 1400 -50 0.4-1.0arcsec 0 natural 0 0.8 7.90 9.94 10.49 8.73 1.4 0.86 0.08 0.5227 46 35 76
SKASUR1 0 0 1400 -50 2.0-3.0arcsec 3 natural 0 5.5 7.90 1.45 344.70 1.52 9.9 18 0.16 2.3814 3.1e+02 38 43
SKA1V8-C9B120 0 0 1400 -10 2.0-3.0arcsec 3 natural 0 1.5 7.90 5.33 31.10 5.07 2.7 17 0.10 2.3514 85 9.9 32
SKA1V8-C9B120 0 0 650 -10 10.0-100.0arcsec 7 natural 0 0.99 13.52 13.62 5.90 11.65 1.8 1.7e+03 0.07 23.4911 57 3e+02 1.7e+02
SKA1W8-12C0B120 0 0 650 -30 0.4-2.0arcsec 1 natural 0 1 13.52 13.00 5.48 12.08 1.9 3.2 0.11 1.0160 60 2.7e+02 1.6e+02
SKASUR1 0 0 650 -10 10.0-60.0arcmin 8 natural 0 45 13.52 0.30 16917.25 0.22 82 3.2e+06 0.30 1029.3410 2.6e+03 1.6 0.99
SKASUR1 0 0 650 -50 10.0-60.0arcmin 8 natural 0 50 13.52 0.27 20376.72 0.20 91 3.3e+06 0.23 1031.2536 2.9e+03 1.3 0.82
SKASUR1 0 0 1400 -50 10.0-100.0arcsec 7 natural 0 3 7.90 2.62 53.78 3.86 5.5 7.5e+02 0.04 15.4729 1.7e+02 1.2e+02 2.9e+02
SKASUR 0 0 1400 -10 3.0-4.0arcsec 4 natural 0 5.3 7.90 1.48 354.12 1.50 9.7 35 0.02 3.3514 3.1e+02 40 42
SKA1V8-C9B120 0 0 800 -10 10.0-60.0arcsec 6 natural 0 1.2 11.69 10.11 7.44 10.37 2.1 1.1e+03 0.05 19.0965 67 1.1e+02 1.3e+02
SKA1W8-C9B120 0 0 1400 -30 2.0-3.0arcsec 3 natural 0 1.7 7.90 4.59 44.60 4.24 3.1 18 0.06 2.3901 99 7.4 21
SKA1V8-C9B120 0 0 650 -30 2.0-3.0arcsec 3 natural 0 2.4 13.52 5.75 31.01 5.08 4.3 17 0.08 2.3486 1.4e+02 54 31
SKA1W8-C9B120 0 0 1000 -30 3.0-4.0arcsec 4 natural 0 3.3 10.00 3.07 62.13 3.59 5.9 36 0.11 3.3838 1.9e+02 6.5 15
SKA1W8-12C0B120 0 0 1400 -50 10.0-60.0arcsec 6 natural 0 0.75 7.90 10.52 8.53 9.68 1.4 1.6e+03 0.01 22.9067 43 39 1.1e+02
SKASUR 0 0 1000 -50 10.0-100.0arcsec 7 natural 0 3.6 10.00 2.76 88.56 3.01 6.6 9.4e+02 0.04 17.3460 2.1e+02 1.4e+02 1.8e+02
SKASUR 0 0 1400 -30 10.0-60.0arcsec 6 natural 0 4.6 7.90 1.73 94.59 2.91 8.3 9.2e+02 0.06 17.1170 2.6e+02 54 1.7e+02
SKA1W8-V2 0 0 650 -50 10.0-60.0arcmin 8 natural 0 5.2 13.52 2.60 250.66 1.79 9.5 2.1e+06 0.00 815.0991 3e+02 11 5.8
SKA1W8-C9B120 0 0 1400 -10 0.4-1.0arcsec 0 natural 0 0.77 7.90 10.22 10.27 8.82 1.4 0.87 0.07 0.5252 45 37 74
SKA1W8-12C0B120 0 0 650 -30 10.0-100.0arcsec 7 natural 0 1.1 13.52 12.88 6.16 11.40 1.9 2.3e+03 0.04 27.1086 61 2.7e+02 1.6e+02
SKASUR 0 0 1000 -10 1.0-2.0arcsec 2 natural 0 4.1 10.00 2.45 181.11 2.10 7.4 5.6 0.18 1.3455 2.4e+02 1.1e+02 81
SKA1W8-12C0B120 0 0 650 -10 10.0-60.0arcsec 6 natural 0 1.3 13.52 10.58 8.63 9.63 2.3 1.4e+03 0.11 21.0246 74 1.8e+02 1.1e+02
SKA1V8-C9B120 0 0 800 -30 1.0-2.0arcsec 2 natural 0 1.8 11.69 6.50 17.54 6.75 3.3 5.7 0.06 1.3478 1e+02 45 54
SKA1W8 0 0 650 -30 10.0-60.0arcsec 6 natural 0 1.3 13.52 10.70 8.35 9.79 2.3 1.3e+03 0.04 20.6145 73 1.9e+02 1.1e+02
SKA1W8-C9B120 0 0 650 -10 10.0-60.0arcsec 6 natural 0 1.2 13.52 10.89 8.62 9.64 2.3 1.3e+03 0.05 19.9667 72 1.9e+02 1.1e+02
SKA1W8 0 0 650 -50 1.0-2.0arcsec 2 natural 0 1.6 13.52 8.62 18.67 6.55 2.9 4.7 0.07 1.2298 90 1.2e+02 64
SKA1W8-V2 0 0 1400 -10 3.0-4.0arcsec 4 natural 0 2.3 7.90 3.37 64.32 3.53 4.3 35 0.01 3.3607 1.4e+02 4 15
SKA1V8-C9B120 0 0 1000 -50 3.0-10.0arcsec 5 natural 0 1.4 10.00 7.36 10.51 8.72 2.5 84 0.05 5.1730 78 37 88
SKA1W8 0 0 650 -10 3.0-4.0arcsec 4 natural 0 3.5 13.52 3.85 69.37 3.40 6.4 35 0.09 3.3582 2e+02 24 14
SKA1W8-V2 0 0 1000 -30 3.0-10.0arcsec 5 natural 0 1.7 10.00 6.02 15.82 7.11 3 76 0.07 4.9314 96 25 60
SKA1W8-12C0B120 0 0 1000 -10 10.0-60.0arcmin 8 natural 0 7.9 10.00 1.27 234.53 1.85 14 1.9e+06 0.02 781.4811 4.5e+02 1.1 6.2
SKASUR 0 0 1000 -50 10.0-60.0arcmin 8 natural 0 57 10.00 0.18 17026.35 0.22 1e+02 2.8e+06 0.22 948.2912 3.3e+03 0.56 0.96
SKA1W8-V2 0 0 650 -50 3.0-10.0arcsec 5 natural 0 1.7 13.52 7.90 15.40 7.21 3.1 74 0.08 4.8608 99 1e+02 60
SKASUR1 0 0 1400 -30 10.0-60.0arcmin 8 natural 0 66 7.90 0.12 19257.87 0.20 1.2e+02 1.8e+06 0.01 751.2938 3.8e+03 0.26 0.86
SKA1W8-12C0B120 0 0 800 -30 0.4-2.0arcsec 1 natural 0 1 11.69 11.64 5.48 12.08 1.8 2.4 0.11 0.8698 58 1.5e+02 1.6e+02
SKA1W8-C9B120 0 0 1000 -30 1.0-2.0arcsec 2 natural 0 2 10.00 4.89 18.83 6.52 3.7 5.4 0.08 1.3098 1.2e+02 16 63
SKA1W8 0 0 650 -50 2.0-3.0arcsec 3 natural 0 2.7 13.52 4.95 45.40 4.20 5 17 0.05 2.3468 1.6e+02 40 22
SKA1W8-C9B120 0 0 1000 -10 0.4-1.0arcsec 0 natural 0 1.2 10.00 8.03 10.27 8.82 2.3 1.2 0.06 0.6156 72 44 74
SKA1V8-C9B120 0 0 650 -50 10.0-60.0arcmin 8 natural 0 5.3 13.52 2.54 262.00 1.75 9.7 2.1e+06 0.00 816.0132 3.1e+02 10 5.6
SKA1W8-C9B120 0 0 1400 -10 0.4-2.0arcsec 1 natural 0 0.65 7.90 12.08 6.50 11.09 1.2 1.2 0.08 0.6116 38 51 1.3e+02
