0.000000000000000000e+00 0.000000000000000000e+00
2.701831336220833535e+01 -1.300877570687794105e+01
3.602435994121043450e+01 7.505130216920033348e+00
-9.006070575363212427e+00 3.502370703901907945e+01
-7.404993393195476870e+01 3.152154819360871585e+01
1.357907113533732684e+02 1.120765743718002625e+02
2.430666000472546102e+02 -1.100721842667630170e+02
-3.782630718692485772e+01 -2.386614687503254402e+02
-2.443632689491362555e+02 1.105771746747474964e+02
-9.636310871748499096e+01 2.796896556891018122e+02
2.681743475017971718e+02 3.407334203268894726e+02
3.961597568115772674e+02 2.696886647705638893e+02
4.390096335015684303e+02 -3.642389722035429713e+02
-2.491776188826814220e+01 -4.603115113682098922e+02
-7.402101255997305316e+02 -1.580855500020202271e+02
-6.365125708661854560e+02 3.656633314115158555e+02
-4.971161022500061790e+02 5.228635393780543836e+02
-1.068691857189490975e+02 3.757547553375231359e+02
2.179392817459309697e+02 4.818279562142226951e+02
5.066303851285102269e+02 3.152233846515359232e+02
6.866474003552793874e+02 3.222365363227572743e+02
8.463505283918295845e+02 3.362556038846163347e+02
-7.005101455952320588e-01 -6.574449530202989536e+02
7.855918863426406062e+01 -9.791624428646725846e+02
-6.139841154129421739e+02 6.539573421130301085e+02
-3.935457760912927370e+02 6.679581278750247293e+02
-1.071145994768163746e+03 9.416822067094641397e+02
2.499457013900277218e+02 1.199314119483011837e+03
5.662498312763176500e+02 7.537226570114215747e+02
1.229855431121987976e+03 7.990999997895452225e+02
2.222231063675605128e+03 9.938658341962908480e+02
3.027543166284418930e+03 -2.508338608289291642e+03
2.502244367731560715e+01 -2.812903551907894325e+03
-2.977482878113372408e+03 -2.008011863958886806e+03
-2.172301161726848022e+03 9.938572441857941158e+02
2.320990965771332881e+01 3.192260260034430303e+03
7.594271100239811858e+02 -2.210270203184541344e+02
-1.324826742284878492e+03 -1.254980645453768602e+03
-1.290681125888814449e+03 -7.538583184315888275e+01
2.429378707871301685e+03 1.395775505744777547e+03
-1.699269123172474281e+02 -8.953048016429288509e+02
-1.807830704949227083e+03 -5.100662744219208378e+01
9.204891500567053981e+02 4.695509413948589668e+02
1.923601810997962730e+03 1.448946598393289487e-01
1.159581727136087693e+03 1.135621174070150118e+03
3.400776702217673346e+02 1.972239262163704325e+03
-9.612756157179468346e+02 -1.661988613990852627e+03
-5.606147776813957080e+02 1.473309396414180355e+03
-1.128256419425238846e+03 1.213671190651423331e+03
-1.756002672415094139e+02 1.351816088212065097e+03
1.417842106311205271e+03 -7.438247342080875342e+02
9.986930724253938934e+02 -1.499075495811126984e+03
2.339065392381205129e+03 -1.542729905749351929e+03
4.942995544001869916e+02 9.043215932283292204e+02
1.733037132356291522e+03 1.000794825528036313e+03
2.003444943813676446e+03 -5.681274169597219270e+02
2.003444943813676446e+03 -5.681274169597219270e+02
1.745672835757836310e+03 -1.401028898574491677e+03
1.189310224829719118e+03 -2.205837432715619798e+03
2.751487747286205376e+02 -2.904962898673685686e+03
-1.060296400910110378e+03 -3.359829577131636597e+03
-2.851176050655491508e+03 -3.345645649424044223e+03
-5.048316304836006566e+03 -2.532415908892952757e+03
-7.432908621838411818e+03 -4.830647379542224940e+02
-9.495162063756504722e+03 3.307763668302429778e+03
-1.027716951675286327e+04 9.297509961155481506e+03
-8.208914426102150173e+03 1.764682423720882070e+04
-9.978064156194467387e+02 2.777346021677647150e+04
-3.475888621121317215e+02 -1.970929122010746823e+03
-1.723223926891080509e+03 -1.169275112874804790e+03
-1.723223926891080509e+03 -1.169275112874804790e+03
-2.195360697531386904e+03 -4.363066708754797105e+02
-2.454063362010212586e+03 5.072789619939151180e+02
-2.401813992179691923e+03 1.656846959234501583e+03
-1.892040411023918068e+03 2.971851104638250945e+03
-7.306466445961624459e+02 4.334353670409715960e+03
1.303021490786971299e+03 5.494983972502225697e+03
4.403809709908999139e+03 6.006421167290995072e+03
8.632655370275204405e+03 5.154600141413460733e+03
1.372791791336949245e+04 1.912265426038330133e+03
1.880758578101919920e+04 -5.030445247220686724e+03
2.194789585611251096e+04 -1.706748463197280216e+04
-2.001354424374515702e+03 1.568447689549237467e-01
-1.450612143768623355e+03 1.493893346807493344e+03
-1.450612143768623355e+03 1.493893346807493344e+03
-8.109164235826162894e+02 2.086137532569749965e+03
7.313515998408658447e+01 2.504895380809782637e+03
1.214069549375444922e+03 2.653353265493433355e+03
2.597474013954893508e+03 2.379974512208950728e+03
4.141024675988007402e+03 1.473167806061704141e+03
5.637959352971639419e+03 -3.283782867733730768e+02
6.681242260632815487e+03 -3.294281106996400467e+03
6.576965660154242869e+03 -7.608650159794365209e+03
4.264587970241297626e+03 -1.318989417902031710e+04
-1.705642744617184462e+03 -1.939034923050049474e+04
-1.304577508816004593e+04 -2.454589311660701060e+04
