0.000000000000000000e+00 0.000000000000000000e+00
2.701831336220833535e+01 -1.300877570723200094e+01
3.596431934291324239e+01 7.505130047325606846e+00
-9.006070575363212427e+00 3.502370703866501600e+01
-7.404993393195476870e+01 3.152154819360871585e+01
1.357506846147193471e+02 1.120765739462209325e+02
2.429164971654493854e+02 -1.100721871240219514e+02
-3.783631414588676734e+01 -2.386614687209385295e+02
-2.451638134246498453e+02 1.100768513938730848e+02
-9.637311527101734043e+01 2.796896557648705652e+02
2.681443279831004816e+02 3.407334196966638729e+02
3.960696977613699232e+02 2.696886619766816011e+02
4.390896899638511286e+02 -3.642389694507315312e+02
-2.479767628769534937e+01 -4.603115116022432289e+02
-7.402301393909576746e+02 -1.580855488424758732e+02
-6.365425853372843221e+02 3.657634006323654603e+02
-4.971561277014212692e+02 5.228635409362694872e+02
-1.068191533288435977e+02 3.757547549186708693e+02
2.179793073265767589e+02 4.818279568968491162e+02
5.066704112311465451e+02 3.152233862394920720e+02
6.865773547162087880e+02 3.222365325562739713e+02
8.463905544260496754e+02 3.362556065372289140e+02
-6.905028572218293581e-01 -6.574449530206529744e+02
1.921447595184573061e+02 -9.786608999357378025e+02
-6.139741091533462622e+02 6.539573416318635282e+02
-3.935257635949063229e+02 6.679581272582532847e+02
-1.071115976665936614e+03 9.416822041924560835e+02
2.499256897247718143e+02 1.199314119091422299e+03
5.663499019707320485e+02 7.535225260010740840e+02
1.229845424976419281e+03 7.990999988261498856e+02
2.222331123600797127e+03 9.938658516068051085e+02
3.027643253647054735e+03 -2.508338584544301739e+03
2.502244367984954820e+01 -2.812903551908249028e+03
-2.977482878113372408e+03 -2.008011863959241282e+03
-2.172301161726848022e+03 9.938572441854402086e+02
2.501068066870209350e+01 3.191159518729109095e+03
-5.488056317432935884e+02 -7.728375491930730732e+02
2.266824919449745153e+02 -9.847566154547876067e+02
4.558665747845686269e+02 -6.299050793532098851e+02
-6.532457477670884600e+02 -1.905402851370729991e+02
-2.165509039165587637e+03 -8.001987463687615900e+02
1.169117154011621778e+03 4.649254083218480815e+01
2.417004298752835894e+03 -2.125941727809798522e+03
-2.359725227350615114e+03 -3.091515477402448141e+03
-3.862222439980742365e+03 -2.608049152395829537e+02
-1.117005940306022012e+03 1.311986679891103904e+03
1.691364508993142408e+03 1.446427753360886754e+03
2.701712803983013600e+03 4.855355878745255609e+02
3.336119194743693697e+03 -3.509075700658360347e+03
-1.378303755677131676e+03 -3.723198273476630220e+03
-4.489035847054039550e+03 -1.313921976972606672e+03
-4.764456744612465627e+03 1.122682167191566577e+03
-3.459993424861428139e+03 2.358960549072442518e+03
-1.080217846061446608e+03 2.206041321343655909e+03
1.368312134839570263e+03 2.310950396710069981e+03
3.588640189505061699e+03 9.135819496692707844e+02
4.756390297245676265e+03 3.412164146425008653e+02
5.058226942356270229e+03 9.608154023204654948e+01
-9.900145253523936617e+01 -3.564948810192974634e+03
1.769185787295649561e+03 -4.531971099146017878e+03
-3.111812914867993186e+03 2.852492899315978320e+03
-2.069019322920381455e+03 3.433349376607286104e+03
-3.881660093641836738e+03 2.939060957740298818e+03
1.245221426888280803e+03 4.546161700105411910e+03
3.433942450461795943e+03 3.907290962878346818e+03
4.172524698358476599e+03 2.535241805644307988e+03
4.703978659546412928e+03 1.939476200252413491e+03
4.090780089730351847e+03 -2.807855897436520991e+03
-5.975717077153107084e+02 -5.559320051482577583e+03
-4.008141565716317473e+03 -2.595016041653268530e+03
-4.747148594640600095e+03 1.531693826884422151e+03
-1.475008001683857515e+02 4.200885881466414503e+03
-5.700474871165906734e+03 3.097366709567675571e+03
-5.292871795439784364e+03 6.540518861588831896e+03
-3.096558766520916834e+03 1.046744921917998363e+04
1.477373070362489898e+03 1.406958454357395385e+04
8.346106034724187339e+03 1.613360018773398224e+04
1.847078133429505033e+04 1.499342322195048109e+04
2.957756880296732197e+04 5.297775465254354458e+03
3.981934220811639534e+04 -4.121681448051084772e+03
-1.404646972038528702e+03 -6.334207554999204149e+03
-4.829212702679337781e+03 -7.792355677530152207e+03
-8.857791442496130912e+03 -2.598686466192921671e+03
-8.904973508026327181e+03 1.504119937618087988e+03
-1.291065725142009978e+04 7.981908346329988490e+03
-1.809285708519379477e+04 1.366199404315910942e+04
-1.654744552234676303e+04 2.603812699188590705e+04
-6.929310229847033042e+03 3.941803781100352353e+04
5.145890649178882086e+03 3.950708563046922336e+03
8.126109397224716304e+03 2.180058046499562806e+03
1.081851462072100912e+04 -1.419379092056839681e+03
1.226507415589197990e+04 -7.069885511900333768e+03
1.118029244547658163e+04 -1.455491728166101529e+04
6.171275949020992812e+03 -2.298395764094944388e+04
-4.038404120113279987e+03 -3.059983242327709740e+04
-2.006794124676911451e+04 -3.464722109675752290e+04
