0.000000000000000000e+00 0.000000000000000000e+00
1.323337464955171884e-02 3.205099773754924858e-02
-3.362364982845649636e-02 -1.532433610086323533e-02
-8.210092479168594470e-02 4.507392522324829044e-03
-1.625821791322306642e-01 -4.126489465905901211e-02
-1.321996677517065510e-01 -6.850849158539740191e-02
-1.404377579858407527e-02 -7.962669267608953050e-02
-1.146463369760903073e-01 -1.765805818341752709e-01
-1.201842985087812482e-01 -2.960706841366772535e-01
5.725524194871111500e-02 -1.479353532218775358e-01
1.358478436484378549e-01 -2.751374250649700759e-01
1.300396348660898815e-01 -1.308077962672173911e-01
2.090360276858473920e-01 -1.454304314758232686e-01
3.454233876529091418e-01 -1.681647688190606726e-01
4.072665846464156303e-01 -7.090886525448761302e-02
3.085540810157712532e-01 -1.071481669282201357e-02
4.177959554605839565e-01 1.933494954684484776e-02
2.930225896879913305e-01 8.583859599154333719e-02
1.606915112911524723e-01 -3.485490313101859833e-02
2.523810096360955546e-01 -7.041057415183402113e-02
1.484039477290763076e-01 -8.343229105005844914e-02
-4.055127238747705531e-01 -1.083680234436515816e-01
-4.426405554260223196e-01 5.879880251018637649e-02
-5.140671406309756941e-01 1.877057031919310837e-01
-4.831385997194992954e-01 3.228199018411435639e-01
-2.448082378176717200e-01 3.910238841903534435e-01
-1.278750371421887022e-01 2.026229152722959503e-01
6.873167394359312732e-02 1.663648070519381239e-01
-6.049472262218228563e-02 1.084727363814055601e-01
-1.134280939619400075e-01 7.511992900263718409e-02
2.530481426454721516e-01 2.901631970720081610e-01
3.591829822528417315e-01 2.719357791521881951e-01
6.617832072286535805e-01 3.457609166230061759e-01
8.299837479279766894e-01 9.676567699139616563e-01
5.159592121907965456e-01 1.616636988716395607e-01
5.559357543805812929e-01 2.384545981369496845e-02
5.589115273788424210e-01 -7.541240177627625552e-02
5.477111309841564690e-01 -2.276549656832877189e-01
3.123438346762816842e-01 -3.268177580241891089e-01
3.693307956946600412e-01 -3.476499547856496952e-01
-2.619828929898148154e-02 -4.561257769120847794e-01
-3.936408921498230629e-01 -4.104489573914567591e-01
-4.981529708461536199e-01 -2.285570932747455208e-01
-8.760978491792954514e-01 7.133352059454579897e-02
-1.251279314750022520e+00 7.297016307234329702e-01
-2.571494251995966707e+00 4.284511929533569297e-01
-2.055831678449957955e+00 1.769924853299598810e+00
-8.034762597077470536e-01 -2.800287240216996487e-01
-3.940835731665247366e+00 2.614957397456932675e+00
-5.070270478575288564e+00 5.826828890234286851e-01
-2.881384273957875664e+00 -5.745016308482608913e-01
-1.186874295778914457e+00 -5.076713530798414586e-01
-8.245862805940783469e-01 -8.503353335963944604e-01
2.484754458846155298e-02 -9.910770441881890935e-01
1.240726812517284117e+00 -2.641820316043713146e-01
1.705442466307790950e+00 2.746098020355611791e-01
2.264266333966435063e+00 6.089978781544501674e-01
4.267238380897981909e-01 3.131887727626112117e+00
3.964331731205080978e+00 2.614957397456932675e+00
5.206644277018809497e+00 8.740759809250413515e-01
4.833000558694773297e+00 -1.474155382804650527e+00
-1.148203672019634108e-02 -1.911842155423618017e+00
-2.019695133648788943e+00 -2.074195679681927196e+00
-4.809504559155351799e+00 -1.474155382804650527e+00
1.127085418265739818e-02 -2.913610561241134281e-02
-3.275873924958468825e-02 1.322537913073562089e-02
-7.386413443680632518e-02 -3.459486652292700221e-02
-8.360046774903844014e-02 -7.046189523609158734e-02
-3.867444365244767507e-02 -1.219640143149020445e-01
-1.448955734778464843e-02 -1.474345914863211815e-01
1.001428227684295624e-01 -1.532436542507728816e-01
1.840540354805634271e-01 -1.280029344837427807e-01
2.333418000418287785e-01 -1.082910749867051214e-01
2.870842017839631555e-01 -3.524416091968019665e-02
2.656105280226380705e-01 9.775718900142385537e-02
1.299144466362311123e-01 2.038246871469487909e-01
6.755652874449816214e-02 2.367768468659970371e-01
-4.939483403020670238e-01 1.665715465776776705e-01
-6.664016906398750884e-01 -1.041941254087747487e-01
-6.847830332525521868e-01 -3.600606307706614162e-01
-3.482778969146460568e-01 -7.202427962958986019e-01
5.635411090330254558e-01 -8.277093607141235987e-01
3.282998603706094309e-02 -4.859359611397860886e-03
4.792580837972998387e-02 2.012668178257131027e-02
-2.594834288461789901e-02 4.449290069379571722e-02
-8.507525686539720022e-02 3.256852568250363095e-02
-1.288231419557318291e-01 -1.907685784581253721e-02
-1.094744334084599563e-01 -4.648897344877600535e-02
-1.259887833541978863e-01 -1.267011351296702393e-01
-6.770759646699726908e-02 -1.780832182373830730e-01
-2.715617749344469145e-02 -2.067289226215314468e-01
8.311518758885107216e-02 -2.220532165363774402e-01
2.469816711607395188e-01 -1.658625273581499082e-01
3.410982334480817113e-01 -3.733666130895132301e-02
3.640524091168831355e-01 1.685997640148785906e-02
2.859984932403859537e-01 1.788865595318916701e-01
1.005434614700345258e-01 3.913228890668337123e-01
-2.998992146698944983e-01 4.291854033860048601e-01
-6.336951423084294932e-01 3.631884971736167311e-01
-9.915568398945714401e-01 1.448861034440151845e-02
-8.476640218333484356e-01 -6.619345498937455607e-01
6.550211961017154971e-02 -3.149359967159700430e-02
8.972917956893644575e-02 -6.133035119065302979e-03
8.597911251123993570e-02 2.454644541372687228e-02
5.248769833728727380e-02 5.418626257848973421e-02
-2.467054289240556975e-02 7.622131743014201599e-02
-6.860422549663118541e-02 8.063733348078160057e-02
-1.617706490691473986e-01 4.102604370557409730e-02
-2.097088736825795108e-01 -1.593110865110247340e-02
-2.338809319480294469e-01 -5.339343393361661166e-02
-2.195689711769941710e-01 -1.359149195820617828e-01
-9.674105025294216231e-02 -2.341723315764184521e-01
9.709184903392020782e-02 -2.608148403234725743e-01
1.736582379444837065e-01 -2.603135619884874297e-01
3.733066499933144766e-01 -1.533482616214413008e-01
4.803194974136065221e-01 -4.275245857058284499e-02
4.971818969303760105e-01 3.355399072931399274e-01
3.093488457093839239e-01 5.505783518734441717e-01
-2.483116919264094224e-01 6.953081202576952835e-01
-1.071054976877647169e+00 3.847419847787600933e-01
2.220394175090742786e-02 -5.748227681412300394e-02
5.502448514686320707e-02 -5.732278429338343029e-02
9.831489585479095961e-02 -5.674743334461359451e-02
1.252852945328988832e-01 -2.895174569442921994e-02
1.297407761276565263e-01 3.230175018199548526e-02
1.303345848863324830e-01 6.342127271656874954e-02
4.221144590112425876e-02 1.180879276129414429e-01
-4.564094166667282543e-02 1.343138070276476692e-01
-1.011663729010364859e-01 1.398228133463000900e-01
-2.025496563722870846e-01 1.041669181771087138e-01
-2.905945585986575153e-01 -1.278803147204209470e-02
-2.648066487380935086e-01 -1.577490798723641119e-01
-2.405013443968321563e-01 -2.116351524074963353e-01
-4.893822748036154996e-02 -3.086911148613374900e-01
6.234686544893630611e-01 -2.556973804593247190e-01
8.411341268375600588e-01 -5.676286143908267079e-02
8.543334494550571812e-01 3.813248044307923634e-01
2.018613308500069314e-01 8.657785793863043144e-01
-1.322635724972197682e-02 -4.281903453309173629e-02
-4.441800352335748686e-02 -6.544451480156017464e-02
8.721370185898986299e-03 -9.768241045496683927e-02
4.117230130760418660e-02 -1.059886360447508946e-01
1.146628987234028646e-01 -9.454141069278064469e-02
1.725029038818760851e-01 -6.859714998064007918e-02
2.040371339998078015e-01 -1.942155138083174548e-03
1.976893609649435224e-01 6.503436034087202444e-02
1.875611720048362407e-01 1.058692458055779384e-01
1.105647124651771007e-01 1.663649728063074651e-01
-6.661111518365263329e-02 1.924063191077806656e-01
-2.445443772628259071e-01 1.294075842131609810e-01
-3.895864299763646676e-01 -3.222086282564416426e-01
-9.566366428728487192e-02 -5.275391567548339822e-01
2.267352067313096464e-01 -6.195847429746014212e-01
7.925529833960773818e-01 -4.934697559502247977e-01
1.212056556862563195e+00 1.165219930402500575e-01
-1.163408469268387258e+00 -7.955308196985680924e-01
-1.129004392399940659e+00 -1.039959552876265292e+00
-1.035444786021576302e+00 -1.309683785396891897e+00
-8.706655097461223347e-01 -1.600343505315430015e+00
-6.219902637527818801e-01 -1.905849804280337123e+00
-2.766360671304262109e-01 -2.218173275729175220e+00
1.779407079054967922e-01 -2.527109101002655400e+00
7.599301316116419125e-01 -2.818323705408576796e+00
1.499482404137793434e+00 -3.066725715575875366e+00
2.502296388181739051e+00 -3.222103228135250852e+00
3.613414536029062596e+00 -2.918314713366646718e+00
4.738802227410618073e+00 -2.702686252522589427e+00
5.925512420082900356e+00 -2.830717570239486225e+00
7.329299614300796684e+00 -2.663493350251666225e+00
8.898742710240826526e+00 -2.283839034781566468e+00
1.051886805986551643e+01 -1.445581485679456879e+00
1.213983238656904540e+01 -2.925862125828705418e-01
1.369761110835705686e+01 1.196243034432740604e+00
1.517766777289723557e+01 3.098491923459490760e+00
1.644579661883144794e+01 5.408446327032960355e+00
1.715731717376711885e+01 7.953386137044820003e+00
1.750704030739165162e+01 1.087910339473956611e+01
1.703008688137167326e+01 1.463671100785329138e+01
1.425258536815893606e+01 1.804170097485326707e+01
1.177151243052500007e+01 2.205652824510342924e+01
8.993563417747257205e+00 2.613164952239631589e+01
5.044024495804561248e+00 2.957865201011202316e+01
4.744354427118697259e+00 3.469855551597023435e+01
-4.908537929421583179e+00 4.461383563331033031e+01
-1.905302836419895129e+01 4.662720334677477041e+01
-3.337828483509576927e+01 4.810535921288585115e+01
-4.871524788334076561e+01 4.874060144350490731e+01
-6.595615210592430344e+01 4.839146219291412621e+01
1.499882132913717525e+00 -3.937703577679437794e-01
1.762617059593163393e+00 -2.522243342214195438e-01
2.025336191293552801e+00 -6.277959921122235054e-02
2.277117749257016044e+00 1.798008223005546913e-01
2.507040798416327654e+00 4.801737447322196872e-01
2.701816200429317139e+00 8.422749585806930117e-01
2.843704701221252851e+00 1.269173580602586338e+00
2.892053629021674510e+00 1.777731523982740480e+00
2.833760862684008064e+00 2.352418011017178401e+00
2.644737999800680139e+00 2.987032635048846974e+00
2.298353603032099013e+00 3.673350759997803916e+00
1.767261649949955826e+00 4.399897994110825827e+00
1.023904761568141142e+00 5.151776873965332015e+00
-2.196441194230917479e-02 5.902866692850741615e+00
-1.361428211801281041e+00 6.613863886429986572e+00
-3.009952711084784571e+00 7.248093343467357563e+00
-4.985303549367317899e+00 7.763402141780611387e+00
-7.299637667553284359e+00 8.111414808175000601e+00
-9.958996111780781035e+00 8.237116042645288516e+00
-1.302083585835668345e+01 8.002194834259714895e+00
-1.640835792255642289e+01 7.353161673624108552e+00
-2.003997572969187857e+01 6.227674241667195965e+00
-2.385449819893963053e+01 4.545270776898840737e+00
-2.776901709925376238e+01 2.224616734970518372e+00
-3.166622740724809759e+01 -8.145644128173521459e-01
-3.533320716163283493e+01 -4.818314194316585031e+00
-3.852476624922238813e+01 -9.779326072385492452e+00
-4.101796113118859211e+01 -1.569846227089566959e+01
-4.253848572200045197e+01 -2.259893432152155768e+01
-4.278275687363068158e+01 -3.048225439846907392e+01
-4.116781110784874187e+01 -3.920848839746698644e+01
-3.341015214537743816e+01 -4.719270083326639309e+01
-3.037836339163167665e+01 -6.449230017614949872e+01
-3.544280259197238880e-01 1.107265325510496723e+00
-6.618187678885798508e-01 1.199509944147296281e+00
-1.026730145658482085e+00 1.264915721841871621e+00
-1.449617268064743003e+00 1.293425024300350890e+00
-1.929828982847719532e+00 1.273746501266032283e+00
-2.463759154284725472e+00 1.193882383394446522e+00
-3.044565261096143338e+00 1.041260290077665740e+00
-3.665201244098267530e+00 7.976230851749608330e-01
-4.308098529795638676e+00 4.302657178456963938e-01
-4.944656513669638542e+00 -6.027618759306518914e-02
-5.548821923372115883e+00 -6.873012061590431099e-01
-6.087577752035277179e+00 -1.462776990527971721e+00
-6.521936863393189121e+00 -2.396486875753941259e+00
-6.807782457901303985e+00 -3.495106123191327185e+00
-6.870793798751029691e+00 -4.775291748525613222e+00
-6.618960927418317652e+00 -6.235255602573383626e+00
-6.009503367523596928e+00 -7.838314837121574286e+00
-4.695122209522736512e+00 -9.338203687026586763e+00
-2.985303424616728041e+00 -1.106948987668883788e+01
-1.122253701200240039e+00 -1.322879278543105919e+01
1.464046800294680040e+00 -1.518970785732150119e+01
5.026065542149159349e+00 -1.703147620992348621e+01
9.536025986230342255e+00 -1.817286951099210768e+01
1.487585311005438271e+01 -1.910538406428286962e+01
2.106680431259162134e+01 -1.959720461889214249e+01
2.811086216658030423e+01 -1.956415088031514671e+01
3.579415591708778521e+01 -1.948359169248359990e+01
4.361813267063400446e+01 -2.034732381316892713e+01
5.607049774162457112e+01 -1.373444224952476844e+01
6.532560641299052406e+01 -8.656451474210195229e+00
7.292702830865574981e+01 -3.398972069150626441e-01
8.118337082491532897e+01 9.408176704621277864e+00
8.978160357660777890e+01 2.015333721541207268e+01
