0.000000000000000000e+00 0.000000000000000000e+00
1.323337464955171884e-02 3.205099773754924858e-02
-3.362364982845649636e-02 -1.532433610086323533e-02
-8.210092479168594470e-02 4.507392522324829044e-03
-1.625821791322306642e-01 -4.126489465905901211e-02
-1.321996677517065510e-01 -6.850849158539740191e-02
-1.404377579858407527e-02 -7.962669267608953050e-02
-1.146463369760903073e-01 -1.765805818341752709e-01
-1.201842985087812482e-01 -2.960706841366772535e-01
5.725524194871111500e-02 -1.479353532218775358e-01
1.358478436484378549e-01 -2.751374250649700759e-01
1.300396348660898815e-01 -1.308077962672173911e-01
2.090360276858473920e-01 -1.454304314758232686e-01
3.454233876529091418e-01 -1.681647688190606726e-01
4.072665846464156303e-01 -7.090886525448761302e-02
3.085540810157712532e-01 -1.071481669282201357e-02
4.177959554605839565e-01 1.933494954684484776e-02
2.930225896879913305e-01 8.583859599154333719e-02
1.606915112911524723e-01 -3.485490313101859833e-02
2.523810096360955546e-01 -7.041057415183402113e-02
1.484039477290763076e-01 -8.343229105005844914e-02
-4.055127238747705531e-01 -1.083680234436515816e-01
-4.426405554260223196e-01 5.879880251018637649e-02
-5.140671406309756941e-01 1.877057031919310837e-01
-4.831385997194992954e-01 3.228199018411435639e-01
-2.448082378176717200e-01 3.910238841903534435e-01
-1.278750371421887022e-01 2.026229152722959503e-01
6.873167394359312732e-02 1.663648070519381239e-01
-6.049472262218228563e-02 1.084727363814055601e-01
-1.134280939619400075e-01 7.511992900263718409e-02
2.530481426454721516e-01 2.901631970720081610e-01
3.591829822528417315e-01 2.719357791521881951e-01
6.617832072286535805e-01 3.457609166230061759e-01
8.299837479279766894e-01 9.676567699139616563e-01
5.159592121907965456e-01 1.616636988716395607e-01
5.559357543805812929e-01 2.384545981369496845e-02
5.589115273788424210e-01 -7.541240177627625552e-02
5.477111309841564690e-01 -2.276549656832877189e-01
3.123438346762816842e-01 -3.268177580241891089e-01
3.693307956946600412e-01 -3.476499547856496952e-01
-2.619828929898148154e-02 -4.561257769120847794e-01
-3.936408921498230629e-01 -4.104489573914567591e-01
-4.981529708461536199e-01 -2.285570932747455208e-01
-8.760978491792954514e-01 7.133352059454579897e-02
-1.251279314750022520e+00 7.297016307234329702e-01
-2.571494251995966707e+00 4.284511929533569297e-01
-2.055831678449957955e+00 1.769924853299598810e+00
-8.034762597077470536e-01 -2.800287240216996487e-01
-3.940835731665247366e+00 2.614957397456932675e+00
-5.070270478575288564e+00 5.826828890234286851e-01
-2.881384273957875664e+00 -5.745016308482608913e-01
-1.186874295778914457e+00 -5.076713530798414586e-01
-8.245862805940783469e-01 -8.503353335963944604e-01
2.484754458846155298e-02 -9.910770441881890935e-01
1.240726812517284117e+00 -2.641820316043713146e-01
1.705442466307790950e+00 2.746098020355611791e-01
2.264266333966435063e+00 6.089978781544501674e-01
4.267238380897981909e-01 3.131887727626112117e+00
3.964331731205080978e+00 2.614957397456932675e+00
5.206644277018809497e+00 8.740759809250413515e-01
4.833000558694773297e+00 -1.474155382804650527e+00
-1.148203672019634108e-02 -1.911842155423618017e+00
-2.019695133648788943e+00 -2.074195679681927196e+00
-4.809504559155351799e+00 -1.474155382804650527e+00
1.127085418265739818e-02 -2.913610561241134281e-02
-3.275873924958468825e-02 1.322537913073562089e-02
-7.386413443680632518e-02 -3.459486652292700221e-02
-8.360046774903844014e-02 -7.046189523609158734e-02
-3.867444365244767507e-02 -1.219640143149020445e-01
-1.448955734778464843e-02 -1.474345914863211815e-01
1.001428227684295624e-01 -1.532436542507728816e-01
1.840540354805634271e-01 -1.280029344837427807e-01
2.333418000418287785e-01 -1.082910749867051214e-01
2.870842017839631555e-01 -3.524416091968019665e-02
2.656105280226380705e-01 9.775718900142385537e-02
1.299144466362311123e-01 2.038246871469487909e-01
6.755652874449816214e-02 2.367768468659970371e-01
-1.643331877821487541e-01 2.318697465012840853e-01
-3.528385401014340061e-01 1.945128901969612745e-01
-4.939483403020670238e-01 1.665715465776776705e-01
-6.664016906398750884e-01 -1.041941254087747487e-01
-6.847830332525521868e-01 -3.600606307706614162e-01
-3.482778969146460568e-01 -7.202427962958986019e-01
5.635411090330254558e-01 -8.277093607141235987e-01
3.282998603706094309e-02 -4.859359611397860886e-03
4.792580837972998387e-02 2.012668178257131027e-02
-2.594834288461789901e-02 4.449290069379571722e-02
-8.507525686539720022e-02 3.256852568250363095e-02
-1.288231419557318291e-01 -1.907685784581253721e-02
-1.094744334084599563e-01 -4.648897344877600535e-02
-1.259887833541978863e-01 -1.267011351296702393e-01
-6.770759646699726908e-02 -1.780832182373830730e-01
-2.715617749344469145e-02 -2.067289226215314468e-01
8.311518758885107216e-02 -2.220532165363774402e-01
2.469816711607395188e-01 -1.658625273581499082e-01
3.410982334480817113e-01 -3.733666130895132301e-02
3.640524091168831355e-01 1.685997640148785906e-02
2.859984932403859537e-01 1.788865595318916701e-01
1.798612589670099404e-01 3.003786916742369750e-01
1.005434614700345258e-01 3.913228890668337123e-01
-2.998992146698944983e-01 4.291854033860048601e-01
-6.336951423084294932e-01 3.631884971736167311e-01
-9.915568398945714401e-01 1.448861034440151845e-02
-8.476640218333484356e-01 -6.619345498937455607e-01
6.550211961017154971e-02 -3.149359967159700430e-02
8.972917956893644575e-02 -6.133035119065302979e-03
8.597911251123993570e-02 2.454644541372687228e-02
5.248769833728727380e-02 5.418626257848973421e-02
-2.467054289240556975e-02 7.622131743014201599e-02
-6.860422549663118541e-02 8.063733348078160057e-02
-1.617706490691473986e-01 4.102604370557409730e-02
-2.097088736825795108e-01 -1.593110865110247340e-02
-2.338809319480294469e-01 -5.339343393361661166e-02
-2.195689711769941710e-01 -1.359149195820617828e-01
-9.674105025294216231e-02 -2.341723315764184521e-01
9.709184903392020782e-02 -2.608148403234725743e-01
1.736582379444837065e-01 -2.603135619884874297e-01
3.733066499933144766e-01 -1.533482616214413008e-01
4.803194974136065221e-01 -4.275245857058284499e-02
5.724090180912017045e-01 4.133375017658601908e-02
4.971818969303760105e-01 3.355399072931399274e-01
3.093488457093839239e-01 5.505783518734441717e-01
-2.483116919264094224e-01 6.953081202576952835e-01
-1.071054976877647169e+00 3.847419847787600933e-01
2.220394175090742786e-02 -5.748227681412300394e-02
5.502448514686320707e-02 -5.732278429338343029e-02
9.831489585479095961e-02 -5.674743334461359451e-02
1.252852945328988832e-01 -2.895174569442921994e-02
1.297407761276565263e-01 3.230175018199548526e-02
1.303345848863324830e-01 6.342127271656874954e-02
4.221144590112425876e-02 1.180879276129414429e-01
-4.564094166667282543e-02 1.343138070276476692e-01
-1.011663729010364859e-01 1.398228133463000900e-01
-2.025496563722870846e-01 1.041669181771087138e-01
-2.905945585986575153e-01 -1.278803147204209470e-02
-2.648066487380935086e-01 -1.577490798723641119e-01
-2.405013443968321563e-01 -2.116351524074963353e-01
-4.893822748036154996e-02 -3.086911148613374900e-01
1.332020609797499866e-01 -3.606735508062003381e-01
2.694033071652515710e-01 -3.996342357827332159e-01
6.234686544893630611e-01 -2.556973804593247190e-01
8.411341268375600588e-01 -5.676286143908267079e-02
8.543334494550571812e-01 3.813248044307923634e-01
2.018613308500069314e-01 8.657785793863043144e-01
-1.322635724972197682e-02 -4.281903453309173629e-02
-4.441800352335748686e-02 -6.544451480156017464e-02
8.721370185898986299e-03 -9.768241045496683927e-02
4.117230130760418660e-02 -1.059886360447508946e-01
1.146628987234028646e-01 -9.454141069278064469e-02
1.725029038818760851e-01 -6.859714998064007918e-02
2.040371339998078015e-01 -1.942155138083174548e-03
1.976893609649435224e-01 6.503436034087202444e-02
1.875611720048362407e-01 1.058692458055779384e-01
1.105647124651771007e-01 1.663649728063074651e-01
-6.661111518365263329e-02 1.924063191077806656e-01
-2.445443772628259071e-01 1.294075842131609810e-01
-3.061203582434455228e-01 9.555461331657283397e-02
-3.713472832415796177e-01 -6.954694369984218416e-02
-3.817502651640406475e-01 -2.141368171920503272e-01
-3.895864299763646676e-01 -3.222086282564416426e-01
-9.566366428728487192e-02 -5.275391567548339822e-01
2.267352067313096464e-01 -6.195847429746014212e-01
7.925529833960773818e-01 -4.934697559502247977e-01
1.212056556862563195e+00 1.165219930402500575e-01
-1.163408469268387258e+00 -7.955308196985680924e-01
-1.123060267043816562e+00 -1.082189324344444481e+00
-9.988462522934001830e-01 -1.404709289061335742e+00
-7.691480827198836634e-01 -1.755277560322087815e+00
-4.108577895947552183e-01 -2.121871822549890485e+00
9.870319477526523499e-02 -2.487457859180598252e+00
7.812406844552988172e-01 -2.828986408587969237e+00
1.655591519725431615e+00 -3.118393257953906872e+00
2.911568281691427007e+00 -3.272219742723966096e+00
4.243744737527785027e+00 -2.600430429540101951e+00
5.548233496283693000e+00 -2.869846024760617009e+00
7.173074574287057636e+00 -2.701276469051358653e+00
9.013670931114431184e+00 -2.256031483147370231e+00
1.091836847769839736e+01 -1.230436929061271112e+00
1.281813998058642667e+01 2.283273450734101817e-01
1.459251989068798316e+01 2.181367024923391629e+00
1.627232582264148064e+01 4.814655770137807878e+00
1.713530553727286687e+01 7.769293942069147363e+00
1.754544490160411385e+01 1.120048542854655160e+01
1.686653296358350218e+01 1.572768795855614954e+01
1.259386221784426496e+01 1.951078585037888757e+01
1.082349566460935542e+01 2.499281548558516519e+01
5.053332426427036950e+00 2.858518234615979736e+01
4.998523090641255884e+00 3.443778368313489580e+01
-6.320863973462777174e+00 4.606644960603381378e+01
-2.381465921062063273e+01 4.683903243737481858e+01
-4.028869162906590162e+01 4.902342403627188361e+01
-5.974295198691511644e+01 4.837590679210234157e+01
-8.147918948827981467e+01 4.843883396341235681e+01
-1.063570125759625000e+02 4.326880658213892872e+01
1.499882132913717525e+00 -3.937703577679437794e-01
1.814495665837261518e+00 -2.242743594820346686e-01
2.129085346112698840e+00 1.669038468908831327e-02
2.422037768992846729e+00 3.394877053044632054e-01
2.671742068475901899e+00 7.527774814582538498e-01
2.843090438789199315e+00 1.262712772660680383e+00
2.900985837460261063e+00 1.871690155112227139e+00
2.802245599421556932e+00 2.577799404442914000e+00
2.496958204944919046e+00 3.371020544089987858e+00
1.931187245674997666e+00 4.232327536371559340e+00
1.050480458245713011e+00 5.132693646390893427e+00
-2.018924420513262263e-01 6.032097912637000903e+00
-1.878883627174378956e+00 6.873525457012068074e+00
-4.027001650922328757e+00 7.584979601048140729e+00
-6.676914607080258079e+00 8.078484867863563679e+00
-9.842304302836696550e+00 8.246078901646768600e+00
-1.350874197356963258e+01 7.964804912828300054e+00
-1.763916593314315406e+01 7.093685739354892661e+00
-2.210915276409430419e+01 5.481634048000687542e+00
-2.679867553041778905e+01 2.966461686973904666e+00
-3.147995615969874805e+01 -6.110888393465033763e-01
-3.587117061910412730e+01 -5.405376322672822198e+00
-3.959539183321011535e+01 -1.154294382565334764e+01
-4.219337383743989278e+01 -1.912950419512347722e+01
-4.309528836263570639e+01 -2.819176426781845635e+01
-4.166019151537604870e+01 -3.870122049993193514e+01
-3.237022106688034029e+01 -4.826185778299274176e+01
-2.961456456715403718e+01 -7.070280009760094231e+01
-1.025344250598559448e+01 -7.874868475628665010e+01
3.219895010098865029e+00 -9.013165122315506039e+01
-3.544280259197238880e-01 1.107265325510496723e+00
-7.149259157950819121e-01 1.215447467778564272e+00
-1.156971549692135781e+00 1.285580332618080357e+00
-1.681380930729261758e+00 1.299640803515311971e+00
-2.286276087581981642e+00 1.236601781455354931e+00
-2.960065616500715535e+00 1.074433880977832878e+00
-3.687926803377798990e+00 7.887025070419717565e-01
-4.442894057047325873e+00 3.523645164852470257e-01
-5.187203799574658269e+00 -2.597269726888261077e-01
-5.873636800949189940e+00 -1.071325097185093389e+00
-6.437401165489289312e+00 -2.102789567143051652e+00
-6.801511261226495186e+00 -3.367679175778580447e+00
-6.875408796092847830e+00 -4.869041558075934972e+00
-6.550878706524903450e+00 -6.597901803753681627e+00
-5.708770591053641041e+00 -8.527231796566308475e+00
-3.663338150622722722e+00 -1.016350603598077029e+01
-1.716263637162146027e+00 -1.276469697048773888e+01
1.239957739323250596e+00 -1.507379820831523709e+01
5.417417466699783191e+00 -1.723374972785039461e+01
1.084380175350377229e+01 -1.847085150795285813e+01
1.743559352234153437e+01 -1.950774652551140420e+01
2.525509680862101902e+01 -1.969954938522177557e+01
3.426170658220994625e+01 -1.927109974615477839e+01
4.329034871053679723e+01 -2.052117817396498722e+01
5.789302010620164651e+01 -1.276523775003362005e+01
6.810401786793084966e+01 -7.118998359816966826e+00
7.640892879519182657e+01 4.560198880337845928e+00
8.742480242834884052e+01 1.575402349177445949e+01
9.566155539113995587e+01 3.114585695602293214e+01
1.013905965212454419e+02 4.998010600151804539e+01
