0.000000000000000000e+00 0.000000000000000000e+00
9.808567018850627761e+00 3.202798081135923525e+01
-2.492182315505992207e+01 -1.531333123978667743e+01
-6.085314173102067059e+01 4.504156766358945241e+00
-1.205057849808010388e+02 -4.123525838862484960e+01
-9.798629112766224125e+01 -6.845929364948437978e+01
-1.040923572150136955e+01 -7.956951379082671849e+01
-8.497577598120882669e+01 -1.764537871007205183e+02
-8.908050877081936392e+01 -2.958581051690141521e+02
4.243754089237282301e+01 -1.478291269892478965e+02
1.006903162707013593e+02 -2.749398738252473890e+02
9.638527642940383089e+01 -1.307138661188504329e+02
1.549373414724871338e+02 -1.453259990793224290e+02
2.560275468197941677e+02 -1.680440042854719138e+02
3.018656764303193540e+02 -7.085792645084850960e+01
2.287000453573329821e+02 -1.070711103313267287e+01
3.096700379051604841e+02 1.932108551262639295e+01
2.171881160403173112e+02 8.577696044686308596e+01
1.191044234444804744e+02 -3.482987084024470192e+01
1.870646084507768876e+02 -7.036000567578815890e+01
1.099968908695530700e+02 -8.337237726462892340e+01
-3.005657161876766850e+02 -1.082901850938933990e+02
-3.280848361158187458e+02 5.875660265339941901e+01
-3.810261656302947131e+02 1.875709279693095652e+02
-3.581019551126278202e+02 3.225880648030539533e+02
-1.814516758567473858e+02 3.907430248464862075e+02
-9.478087827655207320e+01 2.024773925278092008e+02
5.094386337927490871e+01 1.662453256568194320e+02
-4.483864145315000371e+01 1.083948355240415964e+02
-8.407281520468879421e+01 7.506598342201601781e+01
1.875590869195157779e+02 2.899547963157135086e+02
2.662261476574290100e+02 2.717404802109693378e+02
4.905131995391705004e+02 3.455126211893767163e+02
6.151833097526759957e+02 9.669615596550115697e+02
3.824285676018577647e+02 1.615476260071954471e+02
4.120591496441863910e+02 2.382837329660397430e+01
4.142647902807808578e+02 -7.535821099971350634e+01
4.059630651664924699e+02 -2.274914677686711286e+02
2.315090078289963174e+02 -3.265830978942075262e+02
2.737476991040390430e+02 -3.474003358896553095e+02
-1.941815169398244834e+01 -4.557983127663078449e+02
-2.917663237277488406e+02 -4.101542570271039381e+02
-3.692305953379443508e+02 -2.283929511623101689e+02
-6.493630458076016794e+02 7.128239257395570405e+01
-9.274472568826458883e+02 7.291775918009503812e+02
-1.905989543653252895e+03 4.281442833312497100e+02
-1.523780844384669081e+03 1.768653034546999152e+03
-5.955359800582564276e+02 -2.798275788796791517e+02
-2.920944385537308335e+03 2.613078597576214179e+03
-3.758080543309506993e+03 5.822675914209352186e+02
-2.135679787402941201e+03 -5.740881472050316461e+02
-8.797103068107411445e+02 -5.073067118735813210e+02
-6.111827111541628028e+02 -8.497249115311234391e+02
1.841698076295757147e+01 -9.903657525289092973e+02
9.196257504183145102e+02 -2.639921550788329796e+02
1.264072632307779259e+03 2.744129315886812037e+02
1.678272449271987625e+03 6.085610306832763854e+02
3.162873775803465151e+02 3.129634466987921769e+03
2.938359602159256610e+03 2.613078597576214179e+03
3.859160696866091257e+03 8.734513939842828449e+02
3.582216262856735739e+03 -1.473094739611748992e+03
-8.510476704954829330e+00 -1.910470788036562226e+03
-1.496996465426277382e+03 -2.072707475817997420e+03
-3.564801046235092144e+03 -1.473094739611748992e+03
8.353948372045289616e+00 -2.911518276761430357e+01
-2.428075210532096406e+01 1.321588187932654179e+01
-5.474803911316377736e+01 -3.457002284808307024e+01
-6.196460180710455035e+01 -7.041129611418183742e+01
-2.866546761710895197e+01 -1.218764355642547059e+02
-1.073964865976492966e+01 -1.473287249726558343e+02
7.422578250773666753e+01 -1.531336159768484322e+02
1.364207082402955109e+02 -1.279110162549021936e+02
1.729527610772398134e+02 -1.082133077792642837e+02
2.127865875350720444e+02 -3.521884229003554623e+01
1.968703172104782482e+02 9.768699166878587903e+01
9.629248701060033966e+01 2.036783004734087683e+02
5.007284666982249632e+01 2.366067889772368176e+02
-1.218036312330334852e+02 2.317032170328698157e+02
-2.615236520591947169e+02 1.943732072290483757e+02
-3.661141264421908659e+02 1.664519487910575606e+02
-4.939364158588225564e+02 -1.041192477089288104e+02
-5.075606527362245401e+02 -3.598020578633229434e+02
-2.581433068689986499e+02 -7.197257812038344582e+02
4.176962326095018625e+02 -8.271152207503139380e+02
2.433356016889848306e+01 -4.855869978890285488e+00
3.552257197230479591e+01 2.011222838056006168e+01
-1.923289160565798994e+01 4.446094875892371334e+01
-6.305771435545717907e+01 3.254513828859200686e+01
-9.548361282845623066e+01 -1.906315602927565322e+01
-8.114236507117664132e+01 -4.645558785037796667e+01
-9.338278843295381648e+01 -1.266101529716420515e+02
-5.018481794848403865e+01 -1.779553458899105465e+02
-2.012813768023097438e+01 -2.065804845472886768e+02
6.160491252903536719e+01 -2.218937761380934148e+02
1.830626229636674509e+02 -1.657434229009106730e+02
2.528217458802469082e+02 -3.730983592284385253e+01
2.698353630695355605e+02 1.684788455257598372e+01
2.119818612052710023e+02 1.787580933107019803e+02
1.333130255427724364e+02 3.001629485687922738e+02
7.452273560240108452e+01 3.910418075348780462e+02
-2.222850651394485908e+02 4.288771300465535319e+02
-4.696943476215171245e+02 3.629276805869200189e+02
-7.349411601095346214e+02 1.447833364994010275e+01
-6.282879150483742023e+02 -6.614592952081395651e+02
4.855012021403791067e+01 -3.147098355386283330e+01
6.650719825106816074e+01 -6.128630122248922341e+00
6.372765145860685720e+01 2.452881854125560679e+01
3.890384126802733533e+01 5.414734926634617551e+01
-1.828578724322493443e+01 7.616657902341782460e+01
-5.084939868930884188e+01 8.057942420138640216e+01
-1.199042795279320188e+02 4.099658516426863031e+01
-1.554360544030196252e+02 -1.591966209073599536e+01
-1.733523652276556959e+02 -5.335508459960950489e+01
-1.627443510127316131e+02 -1.358173174651846580e+02
-7.170439135962372745e+01 -2.340041897167402567e+02
7.196440314380386383e+01 -2.606275721615300540e+02
1.287153511754976591e+02 -2.601266512872515477e+02
2.766945992242482930e+02 -1.532381326150505458e+02
3.560124386716130971e+02 -4.272173005543967150e+01
4.242691199203843553e+02 4.130410679078617164e+01
3.685108361052919577e+02 3.352989309920802725e+02
2.292891243313632685e+02 5.501828517231493834e+02
-1.840484333228548621e+02 6.948086067548766778e+02
-7.938651175370289366e+02 3.844657793995291399e+02
1.645754439165740024e+01 -5.744099904747834273e+01
4.078410568229787003e+01 -5.728162083200316346e+01
7.287092449813651740e+01 -5.670668231104674106e+01
9.286136306463650669e+01 -2.893095359817038670e+01
9.616376256444333137e+01 3.227855495040913780e+01
9.660389315547520539e+01 6.337572866952672967e+01
3.128709093849998268e+01 1.180031204119713095e+02
-3.382903053804023585e+01 1.342173462376215411e+02
-7.498443707157225901e+01 1.397223969859417139e+02
-1.501296480894269507e+02 1.040921149826752696e+02
-2.153884612814769071e+02 -1.277883659269417294e+01
-1.962744825087237643e+02 -1.576357980331400768e+02
-1.782594097961183763e+02 -2.114831840554346627e+02
-3.627297622387985143e+01 -3.084694779205391910e+02
9.872926421025681520e+01 -3.604145977340791092e+02
1.996815221671280369e+02 -3.993473103828951025e+02
4.621144827875557439e+02 -2.555137394750680642e+02
6.234479619458286379e+02 -5.672201283010389972e+01
6.332312896249505911e+02 3.810509953081221397e+02
1.496194617465730516e+02 8.651565294703707423e+02
-9.803365727543546626e+00 -4.278828604087595266e+01
-3.292258973542729450e+01 -6.539751922476331458e+01
6.464272812490334807e+00 -9.761226685016841031e+01
3.051687777233958698e+01 -1.059125281880318283e+02
8.498805153546209112e+01 -9.447352109814792698e+01
1.278590184650327757e+02 -6.854788773254070122e+01
1.512321653524043370e+02 -1.940755753248820659e+00
1.465272009059372635e+02 6.498766041909082958e+01
1.390201951099394648e+02 1.057932180715309158e+02
8.195047906176945673e+01 1.662454921206539780e+02
-4.937210687232889939e+01 1.922681331410655901e+02
-1.812561026182972626e+02 1.293146551716666579e+02
-2.268961719274767006e+02 9.548600253473290422e+01
-2.752423181086713271e+02 -6.949698406980674292e+01
-2.829530002350786617e+02 -2.139830412047658967e+02
-2.887611595117483034e+02 -3.219772677667742755e+02
-7.090583371811716518e+01 -5.271604380309364615e+02
1.680559592433468481e+02 -6.191399652860998231e+02
5.874396561344065049e+02 -4.931154122244475957e+02
8.983753791801332227e+02 1.164384935836077091e+02
-8.623174544146954759e+02 -7.950536554469734938e+02
-7.784733179654208470e+02 -1.270322880323048366e+03
-5.270573927611884528e+02 -1.813477023792566570e+03
-2.570458160488836796e+01 -2.390142085449752358e+03
7.828285979437375772e+02 -2.917988345838499754e+03
2.056235350499586730e+03 -3.253156005486791855e+03
3.596818252729823143e+03 -2.724346758149393281e+03
5.375361870281565643e+03 -2.680296107259473047e+03
7.555128523234816385e+03 -1.619928569047484416e+03
9.757814730546167993e+03 6.094035643710935801e+02
9.285776968102492901e+03 5.438423600495712051e+00
1.109043852147786492e+04 2.759672007652575758e+03
1.243453859649819060e+04 6.534959481406648592e+03
1.298865919766429943e+04 1.101170779527950071e+04
1.151704699670554874e+04 1.689103015426905768e+04
8.449702131781325079e+03 2.319012870877204114e+04
9.587916370168832145e+03 1.919411502775964254e+04
7.264908437291408518e+03 2.561025458428238562e+04
3.728276626982245034e+03 3.104705806863302860e+04
-2.015266735286876383e+03 4.233220580867880199e+04
2.041731001617155243e+03 3.671403333046239277e+04
-1.690859868257060725e+03 4.188269638536727143e+04
-5.696799724953882105e+03 4.609295692186978704e+04
-1.133922185422444090e+04 4.642752895200538478e+04
-1.698129868980224637e+04 4.676502221236866171e+04
-2.233424718410998685e+04 4.764071244657256466e+04
-2.764739156949863172e+04 4.859115877835694846e+04
-3.352074663396834512e+04 4.882212863644977915e+04
-3.979529484239979502e+04 4.854032888038601232e+04
-4.627985337773182982e+04 4.834757877287234442e+04
1.111711472746612344e+03 -3.935817109037320733e+02
1.479256840980076049e+03 -8.546578110899893943e+01
1.823416778552233836e+03 4.020831457998721703e+02
2.072825896445119724e+03 1.123402514301896645e+03
2.127902612739250344e+03 2.085296990292978990e+03
1.877677898685795981e+03 3.274148341831466951e+03
1.132961464126100736e+03 4.640498069489533918e+03
-1.910922649042009311e+02 6.055706419431866379e+03
-2.363145870544838090e+03 7.301813200249406691e+03
-5.384682884714370630e+03 8.103655503004913953e+03
-4.459058415294784936e+03 7.949556000492688327e+03
-7.394782936868370598e+03 8.229741526056752264e+03
-1.097117487247798636e+04 7.686342527528455321e+03
-1.505925684941859618e+04 6.123128306347540274e+03
-1.943075894167081788e+04 3.276775783011045405e+03
-2.385908572600015759e+04 -1.385588645407120566e+03
-2.131025163358421560e+04 1.472837564051042364e+03
-2.606221121665511964e+04 -4.628474467178378291e+03
-2.983002699541415132e+04 -1.343321857704474132e+04
-3.172272917649679948e+04 -2.520034060902719284e+04
-3.128327296428348927e+04 -1.924570344647737147e+04
-3.154818076266109347e+04 -2.283600125961903905e+04
-3.180679847831213920e+04 -2.633872510575594788e+04
-3.174621214091997535e+04 -3.010811777889969380e+04
-3.132459211721034444e+04 -3.427176780011797382e+04
-3.091293856337587204e+04 -3.833384884342899750e+04
-2.843926270079664755e+04 -4.206037548866520228e+04
-2.570905472261885370e+04 -4.584802505229822418e+04
-2.371201971617963864e+04 -5.131549285297108145e+04
-2.292255935516521276e+04 -5.998934690463260631e+04
-2.627017777139940904e+02 1.106376029334652003e+03
-7.218571332675890062e+02 1.255537948334231487e+03
-1.323229909197644474e+03 1.287794500693508098e+03
-2.072932366629075659e+03 1.112849604432713932e+03
-2.925670316387832372e+03 6.382870045545519133e+02
-3.805750865671593601e+03 -2.163976964074279579e+02
-4.568795616955391779e+03 -1.601651620732212223e+03
-5.046808073160556887e+03 -3.516934109907131187e+03
-4.930829077420322392e+03 -6.052333384275286335e+03
-3.817861581783659858e+03 -8.967209067428810158e+03
-4.374963048431915922e+03 -8.077630355116156352e+03
-2.634437345750103304e+03 -1.030191714104927269e+04
-5.437629429908256498e+02 -1.352276966969518799e+04
2.804168843618288065e+03 -1.637735770061912444e+04
7.576023693676470430e+03 -1.831595761686096375e+04
1.386053593909458323e+04 -1.952503905673528061e+04
1.026435311441502563e+04 -1.893025253648044963e+04
1.755949322605743873e+04 -1.964740034365783868e+04
2.635862672114775705e+04 -1.943755292675043165e+04
3.737234728948489646e+04 -1.672445123969768611e+04
3.082367118438492980e+04 -2.027109634133797954e+04
3.517408662261754216e+04 -1.829805164516850709e+04
4.030235985571564379e+04 -1.462562026481332214e+04
4.467246721310789144e+04 -1.144345300604106160e+04
4.825866786918332946e+04 -8.770122780050271103e+03
5.153049175275681773e+04 -5.121746831657471375e+03
5.444774510662607645e+04 4.080183422123475339e+02
5.760162618324673531e+04 5.880600421451345028e+03
6.147153813837255439e+04 1.118028039763442757e+04
6.520279645712870115e+04 1.675797891003907716e+04
