0.000000000000000000e+00 0.000000000000000000e+00
9.808567018850627761e+00 3.202798081135923525e+01
-2.492182315505992207e+01 -1.531333123978667743e+01
-6.085314173102067059e+01 4.504156766358945241e+00
-1.205057849808010388e+02 -4.123525838862484960e+01
-9.798629112766224125e+01 -6.845929364948437978e+01
-1.040923572150136955e+01 -7.956951379082671849e+01
-8.497577598120882669e+01 -1.764537871007205183e+02
-8.908050877081936392e+01 -2.958581051690141521e+02
4.243754089237282301e+01 -1.478291269892478965e+02
1.006903162707013593e+02 -2.749398738252473890e+02
9.638527642940383089e+01 -1.307138661188504329e+02
1.549373414724871338e+02 -1.453259990793224290e+02
2.560275468197941677e+02 -1.680440042854719138e+02
3.018656764303193540e+02 -7.085792645084850960e+01
2.287000453573329821e+02 -1.070711103313267287e+01
3.096700379051604841e+02 1.932108551262639295e+01
2.171881160403173112e+02 8.577696044686308596e+01
1.191044234444804744e+02 -3.482987084024470192e+01
1.870646084507768876e+02 -7.036000567578815890e+01
1.099968908695530700e+02 -8.337237726462892340e+01
-3.005657161876766850e+02 -1.082901850938933990e+02
-3.280848361158187458e+02 5.875660265339941901e+01
-3.810261656302947131e+02 1.875709279693095652e+02
-3.581019551126278202e+02 3.225880648030539533e+02
-1.814516758567473858e+02 3.907430248464862075e+02
-9.478087827655207320e+01 2.024773925278092008e+02
5.094386337927490871e+01 1.662453256568194320e+02
-4.483864145315000371e+01 1.083948355240415964e+02
-8.407281520468879421e+01 7.506598342201601781e+01
1.875590869195157779e+02 2.899547963157135086e+02
2.662261476574290100e+02 2.717404802109693378e+02
4.905131995391705004e+02 3.455126211893767163e+02
6.151833097526759957e+02 9.669615596550115697e+02
3.824285676018577647e+02 1.615476260071954471e+02
4.120591496441863910e+02 2.382837329660397430e+01
4.142647902807808578e+02 -7.535821099971350634e+01
4.059630651664924699e+02 -2.274914677686711286e+02
2.315090078289963174e+02 -3.265830978942075262e+02
2.737476991040390430e+02 -3.474003358896553095e+02
-1.941815169398244834e+01 -4.557983127663078449e+02
-2.917663237277488406e+02 -4.101542570271039381e+02
-3.692305953379443508e+02 -2.283929511623101689e+02
-6.493630458076016794e+02 7.128239257395570405e+01
-9.274472568826458883e+02 7.291775918009503812e+02
-1.905989543653252895e+03 4.281442833312497100e+02
-1.523780844384669081e+03 1.768653034546999152e+03
-5.955359800582564276e+02 -2.798275788796791517e+02
-2.920944385537308335e+03 2.613078597576214179e+03
-3.758080543309506993e+03 5.822675914209352186e+02
-2.135679787402941201e+03 -5.740881472050316461e+02
-8.797103068107411445e+02 -5.073067118735813210e+02
-6.111827111541628028e+02 -8.497249115311234391e+02
1.841698076295757147e+01 -9.903657525289092973e+02
9.196257504183145102e+02 -2.639921550788329796e+02
1.264072632307779259e+03 2.744129315886812037e+02
1.678272449271987625e+03 6.085610306832763854e+02
3.162873775803465151e+02 3.129634466987921769e+03
2.938359602159256610e+03 2.613078597576214179e+03
3.859160696866091257e+03 8.734513939842828449e+02
3.582216262856735739e+03 -1.473094739611748992e+03
-8.510476704954829330e+00 -1.910470788036562226e+03
-1.496996465426277382e+03 -2.072707475817997420e+03
-3.564801046235092144e+03 -1.473094739611748992e+03
8.353948372045289616e+00 -2.911518276761430357e+01
-2.428075210532096406e+01 1.321588187932654179e+01
-5.474803911316377736e+01 -3.457002284808307024e+01
-6.196460180710455035e+01 -7.041129611418183742e+01
-2.866546761710895197e+01 -1.218764355642547059e+02
-1.073964865976492966e+01 -1.473287249726558343e+02
7.422578250773666753e+01 -1.531336159768484322e+02
1.364207082402955109e+02 -1.279110162549021936e+02
1.729527610772398134e+02 -1.082133077792642837e+02
2.127865875350720444e+02 -3.521884229003554623e+01
1.968703172104782482e+02 9.768699166878587903e+01
9.629248701060033966e+01 2.036783004734087683e+02
5.007284666982249632e+01 2.366067889772368176e+02
-3.661141264421908659e+02 1.664519487910575606e+02
-4.939364158588225564e+02 -1.041192477089288104e+02
-5.075606527362245401e+02 -3.598020578633229434e+02
-2.581433068689986499e+02 -7.197257812038344582e+02
4.176962326095018625e+02 -8.271152207503139380e+02
2.433356016889848306e+01 -4.855869978890285488e+00
3.552257197230479591e+01 2.011222838056006168e+01
-1.923289160565798994e+01 4.446094875892371334e+01
-6.305771435545717907e+01 3.254513828859200686e+01
-9.548361282845623066e+01 -1.906315602927565322e+01
-8.114236507117664132e+01 -4.645558785037796667e+01
-9.338278843295381648e+01 -1.266101529716420515e+02
-5.018481794848403865e+01 -1.779553458899105465e+02
-2.012813768023097438e+01 -2.065804845472886768e+02
6.160491252903536719e+01 -2.218937761380934148e+02
1.830626229636674509e+02 -1.657434229009106730e+02
2.528217458802469082e+02 -3.730983592284385253e+01
2.698353630695355605e+02 1.684788455257598372e+01
2.119818612052710023e+02 1.787580933107019803e+02
7.452273560240108452e+01 3.910418075348780462e+02
-2.222850651394485908e+02 4.288771300465535319e+02
-4.696943476215171245e+02 3.629276805869200189e+02
-7.349411601095346214e+02 1.447833364994010275e+01
-6.282879150483742023e+02 -6.614592952081395651e+02
4.855012021403791067e+01 -3.147098355386283330e+01
6.650719825106816074e+01 -6.128630122248922341e+00
6.372765145860685720e+01 2.452881854125560679e+01
3.890384126802733533e+01 5.414734926634617551e+01
-1.828578724322493443e+01 7.616657902341782460e+01
-5.084939868930884188e+01 8.057942420138640216e+01
-1.199042795279320188e+02 4.099658516426863031e+01
-1.554360544030196252e+02 -1.591966209073599536e+01
-1.733523652276556959e+02 -5.335508459960950489e+01
-1.627443510127316131e+02 -1.358173174651846580e+02
-7.170439135962372745e+01 -2.340041897167402567e+02
7.196440314380386383e+01 -2.606275721615300540e+02
1.287153511754976591e+02 -2.601266512872515477e+02
2.766945992242482930e+02 -1.532381326150505458e+02
3.560124386716130971e+02 -4.272173005543967150e+01
3.685108361052919577e+02 3.352989309920802725e+02
2.292891243313632685e+02 5.501828517231493834e+02
-1.840484333228548621e+02 6.948086067548766778e+02
-7.938651175370289366e+02 3.844657793995291399e+02
1.645754439165740024e+01 -5.744099904747834273e+01
4.078410568229787003e+01 -5.728162083200316346e+01
7.287092449813651740e+01 -5.670668231104674106e+01
9.286136306463650669e+01 -2.893095359817038670e+01
9.616376256444333137e+01 3.227855495040913780e+01
9.660389315547520539e+01 6.337572866952672967e+01
3.128709093849998268e+01 1.180031204119713095e+02
-3.382903053804023585e+01 1.342173462376215411e+02
-7.498443707157225901e+01 1.397223969859417139e+02
-1.501296480894269507e+02 1.040921149826752696e+02
-2.153884612814769071e+02 -1.277883659269417294e+01
-1.962744825087237643e+02 -1.576357980331400768e+02
-1.782594097961183763e+02 -2.114831840554346627e+02
-3.627297622387985143e+01 -3.084694779205391910e+02
4.621144827875557439e+02 -2.555137394750680642e+02
6.234479619458286379e+02 -5.672201283010389972e+01
6.332312896249505911e+02 3.810509953081221397e+02
1.496194617465730516e+02 8.651565294703707423e+02
-9.803365727543546626e+00 -4.278828604087595266e+01
-3.292258973542729450e+01 -6.539751922476331458e+01
6.464272812490334807e+00 -9.761226685016841031e+01
3.051687777233958698e+01 -1.059125281880318283e+02
8.498805153546209112e+01 -9.447352109814792698e+01
1.278590184650327757e+02 -6.854788773254070122e+01
1.512321653524043370e+02 -1.940755753248820659e+00
1.465272009059372635e+02 6.498766041909082958e+01
1.390201951099394648e+02 1.057932180715309158e+02
8.195047906176945673e+01 1.662454921206539780e+02
-4.937210687232889939e+01 1.922681331410655901e+02
-1.812561026182972626e+02 1.293146551716666579e+02
-2.887611595117483034e+02 -3.219772677667742755e+02
-7.090583371811716518e+01 -5.271604380309364615e+02
1.680559592433468481e+02 -6.191399652860998231e+02
5.874396561344065049e+02 -4.931154122244475957e+02
8.983753791801332227e+02 1.164384935836077091e+02
-8.623174544146954759e+02 -7.949596286043583859e+02
-8.368171793433417633e+02 -1.039214423016429237e+03
-7.674708717142020760e+02 -1.308746979579027993e+03
-6.453366000361729675e+02 -1.599200243129247156e+03
-4.610187007210898287e+02 -1.904489266686758128e+03
-2.050424382394375868e+02 -2.216589571276673723e+03
1.318895145866600842e+02 -2.525302132841844468e+03
5.632596237127819450e+02 -2.816304632934923120e+03
1.111415194088156341e+03 -3.064536970252669107e+03
1.854700140703708030e+03 -3.219883462513144877e+03
2.949170313517196064e+03 -2.846339744035258263e+03
4.083730851768859793e+03 -2.783950649317157968e+03
5.405756876597637529e+03 -2.665966430241637227e+03
6.954930293461173278e+03 -2.031764528356888832e+03
8.546165749017267444e+03 -7.258452469637004469e+02
1.313333168629824058e+03 -2.454462586445870045e+02
1.568384285588158946e+03 2.446631746652016659e+01
1.804517897683575256e+03 3.851534440456712218e+02
8.732045161597021433e+03 -5.475797958995841554e+02
1.041460241558773305e+04 1.649108362834993613e+03
1.189755042930390118e+04 4.687109871857383041e+03
1.275572132681057883e+04 8.384318943178850532e+03
1.276411199475107060e+04 1.312363988157650419e+04
1.045359202661901509e+04 1.826943859398252607e+04
7.673710020267730215e+03 2.411941550436856414e+04
4.701857263128609702e+03 2.842360213134714286e+04
3.635579429944941694e+03 3.193033069063068615e+04
1.678288709522663567e+03 3.721703551846626215e+04
-4.159168070828793134e+03 4.468142338422297325e+04
-9.735335780342647922e+03 4.575046268963506736e+04
-1.368868767349382506e+04 4.651023766159801744e+04
-1.768766050240705954e+04 4.708844776988080412e+04
-2.169190672862652718e+04 4.764559320063758787e+04
-2.565352002570983677e+04 4.812129246039123245e+04
-2.994070332274826069e+04 4.835965360084319400e+04
-3.422770109418246284e+04 4.859970072062358668e+04
-3.868984505333146080e+04 4.863379854992125911e+04
-4.350908179279600881e+04 4.850160581824667315e+04
-4.832843226478192082e+04 4.837154355698015570e+04
2.107751717336449474e+03 1.268168012789332579e+03
2.128301567772065027e+03 1.979529942749647034e+03
2.002601416779579949e+03 2.793213381188995299e+03
1.683191508787866496e+03 3.708142146614440662e+03
1.091808469278399343e+03 4.694019691552442964e+03
1.853281922346098725e+02 5.703319990682732168e+03
-1.123583666907237102e+03 6.668397554454498277e+03
-2.872005648803098666e+03 7.468216411080343278e+03
-4.143408254312931831e+02 1.167725290206710497e+03
-3.664835784545219667e+03 7.747085234409325494e+03
-6.200514443678203861e+03 8.155797408613421794e+03
-9.247689168211112701e+03 8.038040896273911130e+03
-1.281791965165312104e+04 7.073587087379043624e+03
-1.670697092569503729e+04 5.120913713231236216e+03
-2.080481331976180445e+04 1.988970738035049635e+03
-2.482563436809389532e+04 -2.808592990969773382e+03
-2.765583878785116758e+04 -7.889652540736663468e+03
-2.978236720671170042e+04 -1.370319845264112882e+04
-3.120127343500069401e+04 -2.057554719751286029e+04
-3.166584664735946353e+04 -2.851665490626814062e+04
-3.108016149623133606e+04 -3.505452266356916516e+04
-3.074440001133326587e+04 -3.749982918097799120e+04
-3.000964563540462041e+04 -3.988022839277040475e+04
-2.839785752084874912e+04 -4.211784270696652675e+04
-2.678539147588978449e+04 -4.435521538377397519e+04
-2.517224735078444428e+04 -4.659234529417042359e+04
-2.431533252399510820e+04 -5.061176045833927492e+04
-2.368549835118615010e+04 -5.545956929275311995e+04
-2.305508721194420650e+04 -6.030734460280418716e+04
-2.159832986506312227e+04 -6.175848704969004029e+04
-1.074455193934817544e+03 1.292402040728606607e+03
-1.593357879145803054e+03 1.239871155262107095e+03
-2.180692942575056804e+03 1.067319152209623326e+03
-2.824210890427047161e+03 7.140859158174899903e+02
-3.493958855144691370e+03 1.173418534627537468e+02
-4.132487781201784856e+03 -7.251441903697308362e+02
-4.657454717484776666e+03 -1.883074023244250611e+03
-5.016955510194781709e+03 -3.342603715443493911e+03
-5.041283908246065039e+03 -5.173292421355425176e+03
-4.600060548147049303e+03 -7.315727409122701829e+03
-3.440727148151745496e+03 -9.385243196140043437e+03
-1.694762680572991030e+03 -1.187108226132270647e+04
5.468725459194970426e+02 -1.462877653662340526e+04
3.937074741806001384e+03 -1.709163065478656426e+04
8.680724362339116851e+03 -1.853978665696680764e+04
1.447474565816123868e+04 -1.946131939795007565e+04
2.138074197588468451e+04 -1.954262175675298931e+04
2.639198070313986318e+04 -1.947168928417586358e+04
3.149238237775133894e+04 -2.020838137668698982e+04
3.911998708995129709e+04 -1.547277377924300163e+04
4.578269463831986650e+04 -1.060173495831073342e+04
4.817007666562728991e+04 -8.834834736839979087e+03
5.012228937129622500e+04 -6.140007240249278766e+03
5.202923592300809833e+04 -3.327350710097140109e+03
5.393518898266014003e+04 -5.143578434591050836e+02
5.599724872464576038e+04 2.752075119543774235e+03
5.806845149704239884e+04 6.048889315891374281e+03
6.013839320295261859e+04 9.346098707730601745e+03
6.229524241393089324e+04 1.297409005582041391e+04
6.445215210546086746e+04 1.660814048484135492e+04
