0.000000000000000000e+00 0.000000000000000000e+00
9.808567018850627761e+00 3.202798081135923525e+01
-2.492182315505992207e+01 -1.531333123978667743e+01
-6.085314173102067059e+01 4.504156766358945241e+00
-1.205057849808010388e+02 -4.123525838862484960e+01
-9.798629112766224125e+01 -6.845929364948437978e+01
-1.040923572150136955e+01 -7.956951379082671849e+01
-8.497577598120882669e+01 -1.764537871007205183e+02
-8.908050877081936392e+01 -2.958581051690141521e+02
4.243754089237282301e+01 -1.478291269892478965e+02
1.006903162707013593e+02 -2.749398738252473890e+02
9.638527642940383089e+01 -1.307138661188504329e+02
1.549373414724871338e+02 -1.453259990793224290e+02
2.560275468197941677e+02 -1.680440042854719138e+02
3.018656764303193540e+02 -7.085792645084850960e+01
2.287000453573329821e+02 -1.070711103313267287e+01
3.096700379051604841e+02 1.932108551262639295e+01
2.171881160403173112e+02 8.577696044686308596e+01
1.191044234444804744e+02 -3.482987084024470192e+01
1.870646084507768876e+02 -7.036000567578815890e+01
1.099968908695530700e+02 -8.337237726462892340e+01
-3.005657161876766850e+02 -1.082901850938933990e+02
-3.280848361158187458e+02 5.875660265339941901e+01
-3.810261656302947131e+02 1.875709279693095652e+02
-3.581019551126278202e+02 3.225880648030539533e+02
-1.814516758567473858e+02 3.907430248464862075e+02
-9.478087827655207320e+01 2.024773925278092008e+02
5.094386337927490871e+01 1.662453256568194320e+02
-4.483864145315000371e+01 1.083948355240415964e+02
-8.407281520468879421e+01 7.506598342201601781e+01
1.875590869195157779e+02 2.899547963157135086e+02
2.662261476574290100e+02 2.717404802109693378e+02
4.905131995391705004e+02 3.455126211893767163e+02
6.151833097526759957e+02 9.669615596550115697e+02
3.824285676018577647e+02 1.615476260071954471e+02
4.120591496441863910e+02 2.382837329660397430e+01
4.142647902807808578e+02 -7.535821099971350634e+01
4.059630651664924699e+02 -2.274914677686711286e+02
2.315090078289963174e+02 -3.265830978942075262e+02
2.737476991040390430e+02 -3.474003358896553095e+02
-1.941815169398244834e+01 -4.557983127663078449e+02
-2.917663237277488406e+02 -4.101542570271039381e+02
-3.692305953379443508e+02 -2.283929511623101689e+02
-6.493630458076016794e+02 7.128239257395570405e+01
-9.274472568826458883e+02 7.291775918009503812e+02
-1.905989543653252895e+03 4.281442833312497100e+02
-1.523780844384669081e+03 1.768653034546999152e+03
-5.955359800582564276e+02 -2.798275788796791517e+02
-2.920944385537308335e+03 2.613078597576214179e+03
-3.758080543309506993e+03 5.822675914209352186e+02
-2.135679787402941201e+03 -5.740881472050316461e+02
-8.797103068107411445e+02 -5.073067118735813210e+02
-6.111827111541628028e+02 -8.497249115311234391e+02
1.841698076295757147e+01 -9.903657525289092973e+02
9.196257504183145102e+02 -2.639921550788329796e+02
1.264072632307779259e+03 2.744129315886812037e+02
1.678272449271987625e+03 6.085610306832763854e+02
3.162873775803465151e+02 3.129634466987921769e+03
2.938359602159256610e+03 2.613078597576214179e+03
3.859160696866091257e+03 8.734513939842828449e+02
3.582216262856735739e+03 -1.473094739611748992e+03
-8.510476704954829330e+00 -1.910470788036562226e+03
-1.496996465426277382e+03 -2.072707475817997420e+03
-3.564801046235092144e+03 -1.473094739611748992e+03
8.353948372045289616e+00 -2.911518276761430357e+01
-2.428075210532096406e+01 1.321588187932654179e+01
-5.474803911316377736e+01 -3.457002284808307024e+01
-6.196460180710455035e+01 -7.041129611418183742e+01
-2.866546761710895197e+01 -1.218764355642547059e+02
-1.073964865976492966e+01 -1.473287249726558343e+02
7.422578250773666753e+01 -1.531336159768484322e+02
1.364207082402955109e+02 -1.279110162549021936e+02
1.729527610772398134e+02 -1.082133077792642837e+02
2.127865875350720444e+02 -3.521884229003554623e+01
1.968703172104782482e+02 9.768699166878587903e+01
9.629248701060033966e+01 2.036783004734087683e+02
5.007284666982249632e+01 2.366067889772368176e+02
-1.218036312330334852e+02 2.317032170328698157e+02
-2.615236520591947169e+02 1.943732072290483757e+02
-3.661141264421908659e+02 1.664519487910575606e+02
-4.939364158588225564e+02 -1.041192477089288104e+02
-5.075606527362245401e+02 -3.598020578633229434e+02
-2.581433068689986499e+02 -7.197257812038344582e+02
4.176962326095018625e+02 -8.271152207503139380e+02
2.433356016889848306e+01 -4.855869978890285488e+00
3.552257197230479591e+01 2.011222838056006168e+01
-1.923289160565798994e+01 4.446094875892371334e+01
-6.305771435545717907e+01 3.254513828859200686e+01
-9.548361282845623066e+01 -1.906315602927565322e+01
-8.114236507117664132e+01 -4.645558785037796667e+01
-9.338278843295381648e+01 -1.266101529716420515e+02
-5.018481794848403865e+01 -1.779553458899105465e+02
-2.012813768023097438e+01 -2.065804845472886768e+02
6.160491252903536719e+01 -2.218937761380934148e+02
1.830626229636674509e+02 -1.657434229009106730e+02
2.528217458802469082e+02 -3.730983592284385253e+01
2.698353630695355605e+02 1.684788455257598372e+01
2.119818612052710023e+02 1.787580933107019803e+02
1.333130255427724364e+02 3.001629485687922738e+02
7.452273560240108452e+01 3.910418075348780462e+02
-2.222850651394485908e+02 4.288771300465535319e+02
-4.696943476215171245e+02 3.629276805869200189e+02
-7.349411601095346214e+02 1.447833364994010275e+01
-6.282879150483742023e+02 -6.614592952081395651e+02
4.855012021403791067e+01 -3.147098355386283330e+01
6.650719825106816074e+01 -6.128630122248922341e+00
6.372765145860685720e+01 2.452881854125560679e+01
3.890384126802733533e+01 5.414734926634617551e+01
-1.828578724322493443e+01 7.616657902341782460e+01
-5.084939868930884188e+01 8.057942420138640216e+01
-1.199042795279320188e+02 4.099658516426863031e+01
-1.554360544030196252e+02 -1.591966209073599536e+01
-1.733523652276556959e+02 -5.335508459960950489e+01
-1.627443510127316131e+02 -1.358173174651846580e+02
-7.170439135962372745e+01 -2.340041897167402567e+02
7.196440314380386383e+01 -2.606275721615300540e+02
1.287153511754976591e+02 -2.601266512872515477e+02
2.766945992242482930e+02 -1.532381326150505458e+02
3.560124386716130971e+02 -4.272173005543967150e+01
4.242691199203843553e+02 4.130410679078617164e+01
3.685108361052919577e+02 3.352989309920802725e+02
2.292891243313632685e+02 5.501828517231493834e+02
-1.840484333228548621e+02 6.948086067548766778e+02
-7.938651175370289366e+02 3.844657793995291399e+02
1.645754439165740024e+01 -5.744099904747834273e+01
4.078410568229787003e+01 -5.728162083200316346e+01
7.287092449813651740e+01 -5.670668231104674106e+01
9.286136306463650669e+01 -2.893095359817038670e+01
9.616376256444333137e+01 3.227855495040913780e+01
9.660389315547520539e+01 6.337572866952672967e+01
3.128709093849998268e+01 1.180031204119713095e+02
-3.382903053804023585e+01 1.342173462376215411e+02
-7.498443707157225901e+01 1.397223969859417139e+02
-1.501296480894269507e+02 1.040921149826752696e+02
-2.153884612814769071e+02 -1.277883659269417294e+01
-1.962744825087237643e+02 -1.576357980331400768e+02
-1.782594097961183763e+02 -2.114831840554346627e+02
-3.627297622387985143e+01 -3.084694779205391910e+02
9.872926421025681520e+01 -3.604145977340791092e+02
1.996815221671280369e+02 -3.993473103828951025e+02
4.621144827875557439e+02 -2.555137394750680642e+02
6.234479619458286379e+02 -5.672201283010389972e+01
6.332312896249505911e+02 3.810509953081221397e+02
1.496194617465730516e+02 8.651565294703707423e+02
-9.803365727543546626e+00 -4.278828604087595266e+01
-3.292258973542729450e+01 -6.539751922476331458e+01
6.464272812490334807e+00 -9.761226685016841031e+01
3.051687777233958698e+01 -1.059125281880318283e+02
8.498805153546209112e+01 -9.447352109814792698e+01
1.278590184650327757e+02 -6.854788773254070122e+01
1.512321653524043370e+02 -1.940755753248820659e+00
1.465272009059372635e+02 6.498766041909082958e+01
1.390201951099394648e+02 1.057932180715309158e+02
8.195047906176945673e+01 1.662454921206539780e+02
-4.937210687232889939e+01 1.922681331410655901e+02
-1.812561026182972626e+02 1.293146551716666579e+02
-2.268961719274767006e+02 9.548600253473290422e+01
-2.752423181086713271e+02 -6.949698406980674292e+01
-2.829530002350786617e+02 -2.139830412047658967e+02
-2.887611595117483034e+02 -3.219772677667742755e+02
-7.090583371811716518e+01 -5.271604380309364615e+02
1.680559592433468481e+02 -6.191399652860998231e+02
5.874396561344065049e+02 -4.931154122244475957e+02
8.983753791801332227e+02 1.164384935836077091e+02
-8.623174544146954759e+02 -7.950536554469734938e+02
-7.917280121203481258e+02 -1.223923904685763773e+03
-5.898776367782498937e+02 -1.713400797996318943e+03
-1.815239167899714516e+02 -2.239423645824016603e+03
4.614710705706082194e+02 -2.747729560934293659e+03
1.422125793487979536e+03 -3.148454024628341358e+03
2.801232215432399244e+03 -2.832706380739303313e+03
4.224667134169462770e+03 -2.852174937137864163e+03
6.046779017186043347e+03 -2.461347117590850758e+03
8.060292272768837393e+03 -1.253167878074685632e+03
1.005183896794283282e+04 1.045681802222497026e+03
9.417951603270883425e+03 1.422908973961566517e+02
1.119735229197096669e+04 2.985600236185453923e+03
1.248505442185153697e+04 6.768151736140122011e+03
1.299060005922465098e+04 1.131878924438600552e+04
1.128344879107931411e+04 1.716984028459657566e+04
8.350773923815273520e+03 2.360322056041192627e+04
9.291301932239521193e+03 1.967718574164259553e+04
7.852447251803338986e+03 2.511731864120111641e+04
3.743636702492859513e+03 2.883641868672699275e+04
3.329332442071276091e+03 3.493246926821627858e+04
-5.352647362973277268e+03 4.607264531578721653e+04
1.681696910052512521e+03 3.721231831618969591e+04
-1.396828257012986569e+03 4.147531613550717157e+04
-4.472960593335094018e+03 4.573918211731782503e+04
-9.114166042058584935e+03 4.629524113380413473e+04
-1.387116362036658757e+04 4.657861877772711159e+04
-1.857122746839243337e+04 4.696922728477750934e+04
-2.305136950486451678e+04 4.776883471894368267e+04
-2.753085999367192562e+04 4.857028339015921665e+04
-3.239870117218063024e+04 4.887290360399802012e+04
-3.768872883052138786e+04 4.863453376077155554e+04
-4.297898357661551563e+04 4.839873096355384769e+04
-4.873694168547700247e+04 4.835608065376996819e+04
1.111711472746612344e+03 -3.935817109037320733e+02
1.447942244300930270e+03 -1.178034837906228063e+02
1.769979651586103500e+03 3.016640039330346781e+02
2.021657400939573790e+03 9.181011028398568214e+02
2.140235213263945752e+03 1.728814214139659953e+03
2.029620138733034310e+03 2.741893062003457544e+03
1.577585373536305269e+03 3.929128688054266604e+03
6.920369330667574559e+02 5.212730844344109755e+03
-8.148589060569883031e+02 6.477626977325036023e+03
-2.948275533479596106e+03 7.563121147383705647e+03
-5.931859066087762585e+03 8.142689965954024956e+03
-4.632274006451894820e+03 7.993057511672855071e+03
-7.640492142270147269e+03 8.204301959147845992e+03
-1.125827282882866166e+04 7.604696257257456637e+03
-1.537734895329180108e+04 5.968489177067162018e+03
-1.977621549847752613e+04 3.027076256187753188e+03
-2.416189651082670753e+04 -1.831452432023662823e+03
-2.161153257775053498e+04 1.162408406109795806e+03
-2.549477965723444140e+04 -3.793474003531219296e+03
-2.884026400594114239e+04 -1.040705089537176536e+04
-3.121190242755888175e+04 -1.887275315510371001e+04
-3.181493675685845665e+04 -2.942912824068325426e+04
-3.134916255708919198e+04 -2.013893083497900443e+04
-3.156581602569762617e+04 -2.307492659614528748e+04
-3.178258821931424245e+04 -2.601091826796081295e+04
-3.186027764035731889e+04 -2.898111924470832673e+04
-3.151559153437856730e+04 -3.238598363457698724e+04
-3.117976489962861160e+04 -3.570123635482766258e+04
-3.059513268436854196e+04 -3.906711532005658228e+04
-2.836388232356689696e+04 -4.216499709578092006e+04
-2.619010055903908869e+04 -4.518091063484815095e+04
-2.398198914059644449e+04 -4.834604885806132370e+04
-2.333813378908052982e+04 -5.542517997058133915e+04
-2.267597995747406821e+04 -6.269560930758720497e+04
-2.627017777139940904e+02 1.106376029334652003e+03
-6.774825774306414132e+02 1.246046275441509806e+03
-1.207700732125881814e+03 1.297219682428351689e+03
-1.870017794476955032e+03 1.178691579569112719e+03
-2.621905807914602974e+03 8.470938785837513478e+02
-3.427454146082487568e+03 2.030156884506070867e+02
-4.197853215859448937e+03 -8.225041697048186506e+02
-4.810377885149144277e+03 -2.283961498231794849e+03
-5.073388990803223351e+03 -4.245044933696517546e+03
-4.832555993403682805e+03 -6.664159569179531900e+03
-3.492759874515027605e+03 -9.317852631724652383e+03
-4.316004410173732140e+03 -8.259720865684823366e+03
-2.507258914289145650e+03 -1.053103183652578082e+04
-3.432743666807734826e+02 -1.373391506748092434e+04
3.071506346607883643e+03 -1.656369120329600264e+04
7.936825785225104482e+03 -1.842678499347978504e+04
1.439988979209617901e+04 -1.954296012014013832e+04
1.070804902038916407e+04 -1.902434797186400465e+04
1.657565873460840521e+04 -1.961497941173917934e+04
2.342686127067908819e+04 -1.938399772660047529e+04
3.067302977673104397e+04 -2.024300657933734692e+04
4.143684243643772061e+04 -1.381253197799789450e+04
3.135823366533610169e+04 -2.037075680673848183e+04
3.525041242808872630e+04 -1.824342990808381728e+04
3.949836134198260697e+04 -1.520170256559955487e+04
4.349392586588371341e+04 -1.232144573989332093e+04
4.646498260883972398e+04 -1.010753881336225459e+04
4.943481800393570302e+04 -7.892814062128746627e+03
5.204642312507770112e+04 -4.144248712790784339e+03
5.451505761962038378e+04 5.356879196895816904e+02
5.702617595282087132e+04 5.093106395208157664e+03
6.023235381909122225e+04 9.482555649762522080e+03
6.343593795152950042e+04 1.387295452005779771e+04
6.617654214578784013e+04 1.920853296115094054e+04
