0.000000000000000000e+00 0.000000000000000000e+00
1.323337453430552084e-02 3.205099768581943370e-02
-3.362364953563642955e-02 -1.532433614904991047e-02
-8.210092407668923009e-02 4.507393673844652116e-03
-1.625821777163425907e-01 -4.126489206335617194e-02
-1.321996666004122689e-01 -6.850849184829824190e-02
-1.404377567628029705e-02 -7.962669633756824794e-02
-1.146463359776636187e-01 -1.765805954277781809e-01
-1.201842974621258470e-01 -2.960707232826821911e-01
5.725524145008933224e-02 -1.479353642346587783e-01
1.358478424653724870e-01 -2.751374590741336723e-01
1.300396337336067465e-01 -1.308078035001791206e-01
2.090360258654041792e-01 -1.454304374545141998e-01
3.454233846447020140e-01 -1.681647689310238336e-01
4.072665810996313751e-01 -7.090884842458251847e-02
3.085540783286498390e-01 -1.071480568712702107e-02
4.177959518221020518e-01 1.933497059024955403e-02
2.930225871361298862e-01 8.583860396856404784e-02
1.606915098917297557e-01 -3.485490129000413245e-02
2.523810074381715451e-01 -7.041056981928496550e-02
1.484039464366629646e-01 -8.343229273517484279e-02
-4.055127203432603022e-01 -1.083680077206227721e-01
-4.426405515711748229e-01 5.879882802361386523e-02
-5.140671361540917195e-01 1.877057256178681910e-01
-4.831385955119643083e-01 3.228198923738790915e-01
-2.448082356856971509e-01 3.910238319071017710e-01
-1.278750360285565713e-01 2.026229026913218545e-01
6.873167334502593151e-02 1.663647976838814879e-01
-6.049472209534866030e-02 1.084727333576916558e-01
-1.134280929741226934e-01 7.511992951143177388e-02
2.530481404417382896e-01 2.901631720227316746e-01
3.591829791248057346e-01 2.719357662190261538e-01
6.617832014653468597e-01 3.457609234683486354e-01
8.299837406998528122e-01 9.676564655548716143e-01
5.159592076974349739e-01 1.616637220373838835e-01
5.559357495390738757e-01 2.384549753181533158e-02
5.589115225114198449e-01 -7.541236709816821759e-02
5.477111262142753123e-01 -2.276549542708405094e-01
3.123438319561562815e-01 -3.268177964913288047e-01
3.693307924782492369e-01 -3.476499947727955675e-01
-2.619828907082704175e-02 -4.561258717406279084e-01
-3.936408887217016095e-01 -4.104490139491500655e-01
-4.981529665078622271e-01 -2.285570855145648284e-01
-8.760978415495752625e-01 7.133361958981913886e-02
-1.251279303852939728e+00 7.297016145043647706e-01
-2.571494229601456905e+00 4.284519687666297205e-01
-2.055831660546227457e+00 1.769924075175491662e+00
-8.034762527104704066e-01 -2.800286766726218235e-01
-3.940835697345481226e+00 2.614956483740480397e+00
-5.070270434419553496e+00 5.826860374083020488e-01
-2.881384248864610420e+00 -5.745007150434831011e-01
-1.186874285442719001e+00 -5.076712873043206509e-01
-8.245862734129599803e-01 -8.503355654380808648e-01
2.484754437207041880e-02 -9.910774778271694840e-01
1.240726801712100258e+00 -2.641818727612468276e-01
1.705442451455513320e+00 2.746101381510877570e-01
2.264266314247497469e+00 6.089983724228978934e-01
4.267238343735655359e-01 3.131883575480188142e+00
3.964331696680694073e+00 2.614956483740480397e+00
5.206644231675428891e+00 8.740790989027050761e-01
4.833000516605363117e+00 -1.474153377584880298e+00
-1.148203662020211638e-02 -1.911843745843272213e+00
-2.019695116059762263e+00 -2.074197024848409399e+00
-4.809504517270561941e+00 -1.474153377584880298e+00
1.127085408450230822e-02 -2.913610636284795150e-02
-3.275873896429690874e-02 1.322537945883019150e-02
-7.386413379354180020e-02 -3.459486655835837532e-02
-8.360046702098257454e-02 -7.046189711749782647e-02
-3.867444331564148102e-02 -1.219640219354830718e-01
-1.448955722159866837e-02 -1.474346026046879365e-01
1.001428218963104078e-01 -1.532436652876474903e-01
1.840540338776822382e-01 -1.280029393711472063e-01
2.333417980097126088e-01 -1.082910751581929870e-01
2.870841992838176759e-01 -3.524415227371505838e-02
2.656105257095014993e-01 9.775719432179974522e-02
1.299144455048382440e-01 2.038246736681435245e-01
6.755652815616500217e-02 2.367768261953304421e-01
-4.939483360003928403e-01 1.665715693076160187e-01
-6.664016848363470968e-01 -1.041940728959277057e-01
-6.847830272889455783e-01 -3.600606292308136669e-01
-3.482778938815798142e-01 -7.202430113735821537e-01
5.635411041252850195e-01 -8.277096262269582061e-01
3.282998575115268769e-02 -4.859359644703358135e-03
4.792580796235594576e-02 2.012668201216664607e-02
-2.594834265864017636e-02 4.449290057262039744e-02
-8.507525612449777508e-02 3.256852681772502006e-02
-1.288231408338428585e-01 -1.907685574614901083e-02
-1.094744324550741277e-01 -4.648897310934339139e-02
-1.259887822569926707e-01 -1.267011412238674417e-01
-6.770759587734850871e-02 -1.780832333106004139e-01
-2.715617725694823362e-02 -2.067289433935318166e-01
8.311518686502139541e-02 -2.220532398651060835e-01
2.469816690098370904e-01 -1.658625342360892374e-01
3.410982304775412866e-01 -3.733664859688110710e-02
3.640524059464405049e-01 1.685999226695081288e-02
2.859984907496955775e-01 1.788865576249748512e-01
1.005434605944263426e-01 3.913228293153558912e-01
-2.998992120581461807e-01 4.291853421414487113e-01
-6.336951367897347698e-01 3.631884981798679246e-01
-9.915568312593475708e-01 1.448873848907049691e-02
-8.476640144512515018e-01 -6.619346522294893287e-01
6.550211903972975869e-02 -3.149360014283434511e-02
8.972917878750714948e-02 -6.133034455789884883e-03
8.597911176246905707e-02 2.454644615069956001e-02
5.248769788018486926e-02 5.418626220149986433e-02
-2.467054267755589350e-02 7.622131605469588400e-02
-6.860422489917389344e-02 8.063733251917395983e-02
-1.617706476603267274e-01 4.102604731674026201e-02
-2.097088718562766241e-01 -1.593110273902255056e-02
-2.338809299112180606e-01 -5.339342817460025065e-02
-2.195689692648221114e-01 -1.359149224364137043e-01
-9.674104941044822659e-02 -2.341723565796340889e-01
9.709184818837124364e-02 -2.608148718899968577e-01
1.736582364321369587e-01 -2.603135910294630539e-01
3.733066467422789247e-01 -1.533482570366208331e-01
4.803194932306224518e-01 -4.275243198145867868e-02
4.971818926005414641e-01 3.355398932134184276e-01
3.093488430153410462e-01 5.505782400463425930e-01
-2.483116897639241483e-01 6.953079302236190307e-01
-1.071054967550093773e+00 3.847420753243581681e-01
2.220394155753877691e-02 -5.748227896055594505e-02
5.502448466766854396e-02 -5.732278620809516667e-02
9.831489499859079328e-02 -5.674743450818008766e-02
1.252852934418201558e-01 -2.895174479730669784e-02
1.297407749977761149e-01 3.230175189970874855e-02
1.303345837512807359e-01 6.342127356975636732e-02
4.221144553351519058e-02 1.180879232293712278e-01
-4.564094126919712030e-02 1.343138013912238693e-01
-1.011663720200034894e-01 1.398228083384289444e-01
-2.025496546083320748e-01 1.041669206707691864e-01
-2.905945560679411566e-01 -1.278802009006585645e-02
-2.648066464319576707e-01 -1.577490828323015459e-01
-2.405013423023652785e-01 -2.116351662214824292e-01
-4.893822705417060631e-02 -3.086911591838669144e-01
6.234686490597283193e-01 -2.556973641530954078e-01
8.411341195123304137e-01 -5.676277604449851688e-02
8.543334420148778197e-01 3.813248372019835686e-01
2.018613290920464320e-01 8.657782732932025604e-01
-1.322635713453689486e-02 -4.281903579728334186e-02
-4.441800313653204019e-02 -6.544451708263236689e-02
8.721370109946726193e-03 -9.768241580227059184e-02
4.117230094904476834e-02 -1.059886421141461449e-01
1.146628977248319303e-01 -9.454141439394250779e-02
1.725029023795908167e-01 -6.859714959939842982e-02
2.040371322228987094e-01 -1.942150475313678083e-03
1.976893592433156266e-01 6.503436373236363977e-02
1.875611703714122613e-01 1.058692462555564512e-01
1.105647115022962701e-01 1.663649642673450946e-01
-6.661111460355285951e-02 1.924063064311418436e-01
-2.445443751331492499e-01 1.294075870115313220e-01
-3.895864265835525253e-01 -3.222086563889566824e-01
-9.566366345417361139e-02 -5.275392813209336396e-01
2.267352047567286755e-01 -6.195849095658598760e-01
7.925529764939289734e-01 -4.934697890927369213e-01
1.212056546307061611e+00 1.165221719835959346e-01
-1.163408459136550110e+00 -7.955309254987921186e-01
-1.129004382567719844e+00 -1.039961253359955373e+00
-1.035444777004143058e+00 -1.309687509208621536e+00
-8.706655021637111913e-01 -1.600349506688808265e+00
-6.219902583360220616e-01 -1.905857925879490544e+00
-2.766360647212709467e-01 -2.218182521022471043e+00
1.779407063558550717e-01 -2.527116938542773195e+00
7.599301249935979108e-01 -2.818328567274079433e+00
1.499482391079171251e+00 -3.066739296497910328e+00
2.502296366389856974e+00 -3.222197428350380921e+00
3.978917129201768876e+00 -2.848385263075168705e+00
5.509626406680600219e+00 -2.785951332500282263e+00
7.293257542302729490e+00 -2.667882324190787191e+00
9.383347970858242348e+00 -2.033224653781507740e+00
1.153018702646859062e+01 -7.263668748810298004e-01
1.771903038986552215e+00 -2.456226483381871717e-01
2.116009058715631497e+00 2.448390015963301108e-02
2.434592244515510373e+00 3.854302341599692427e-01
1.178096900921460666e+01 -5.479733135394688759e-01
1.405101623167634983e+01 1.650293492811878426e+00
1.605175766951280991e+01 4.690478258398424138e+00
1.720957173953154751e+01 8.390344325099928113e+00
1.722089213436966304e+01 1.313307117146624847e+01
1.410361964711228744e+01 1.828256790666235432e+01
1.035310036325322969e+01 2.413674889675402824e+01
6.343580876823811998e+00 2.844402872288961248e+01
4.904996229644566164e+00 3.195327738893513470e+01
2.264288252007294666e+00 3.724378150159128609e+01
-5.611403656275569141e+00 4.471353364177542034e+01
-1.313457351628477454e+01 4.578334121115115352e+01
-1.846829720573210309e+01 4.654366219459234344e+01
-2.386357106131323036e+01 4.712228783295654466e+01
-2.926595959954753567e+01 4.767983365568655785e+01
-3.461082928536751524e+01 4.815587477620897516e+01
-4.039494659403187882e+01 4.839440721464186623e+01
-4.617881359805930686e+01 4.863462684403043568e+01
-5.219898169436977042e+01 4.866874917769699493e+01
-5.870092684295813967e+01 4.853646144585591315e+01
-6.520302543547457219e+01 4.840630571548319949e+01
2.843704676456130009e+00 1.269079380387456712e+00
2.871429813768830996e+00 1.980952529844688392e+00
2.701839579649471634e+00 2.795220721024560984e+00
2.270902936784211068e+00 3.710806999037448151e+00
1.473029685775743891e+00 4.697393043828083314e+00
2.500382955933302953e-01 5.707418675548476372e+00
-1.515899667732930611e+00 6.673189791288457684e+00
-3.874809270529521843e+00 7.473583436887803799e+00
-5.590141064691547257e-01 1.168564474748720494e+00
-4.944467876949403262e+00 7.752652669001069086e+00
-8.365516571469559182e+00 8.161658563775919362e+00
-1.247665781398904628e+01 8.043817425843638347e+00
-1.729348753747286693e+01 7.078670513241335449e+00
-2.254045908730334347e+01 5.124593852443044995e+00
-2.806912429181506141e+01 1.990400109747615387e+00
-3.349387499859388839e+01 -2.810611383345605674e+00
-3.731228751729466353e+01 -7.895322431171976518e+00
-4.018132506075467347e+01 -1.371304624168363162e+01
-4.209566356829817835e+01 -2.059033379269612851e+01
-4.272244944904241493e+01 -2.853714837008867278e+01
-4.193226358915438823e+01 -3.507971455912329617e+01
-4.147926597234538093e+01 -3.752677839346881683e+01
-4.048796114375045363e+01 -3.990888827663155070e+01
-3.831339316161115249e+01 -4.214811064998267653e+01
-3.613791053955402077e+01 -4.438709121229268106e+01
-3.396151307555065557e+01 -4.662582883372785858e+01
-3.280539365208041147e+01 -5.064813254634383100e+01
-3.195564348090177731e+01 -5.549942525343782052e+01
-3.110511488685190784e+01 -6.035068441207677381e+01
-2.913970897793274872e+01 -6.180286972094386755e+01
-1.449617255440383889e+00 1.293330824085220820e+00
-2.149702555062313003e+00 1.240762187353564139e+00
-2.942114418747593607e+00 1.068086179986992956e+00
-3.810326259183279607e+00 7.145990929039561790e-01
-4.713926718217099854e+00 1.174261810613615592e-01
-5.575407545463520798e+00 -7.256653144734821481e-01
-6.283674519896020882e+00 -1.884427292394983189e+00
-6.768700378022716180e+00 -3.345005874060413387e+00
-6.801523399225871458e+00 -5.177010202470305522e+00
-6.206240320030556035e+00 -7.320984848870544681e+00
-4.642108366526763064e+00 -9.391987891214524709e+00
-2.286514355836459345e+00 -1.187961340200637572e+01
7.378212544985934818e-01 -1.463928949137484281e+01
5.311763127859854272e+00 -1.710391353703937511e+01
1.171172878720516053e+01 -1.855311025499553068e+01
1.952881906349110963e+01 -1.947530525450627437e+01
2.884614703090284138e+01 -1.955666604116316520e+01
3.560713452592992923e+01 -1.948568259303980810e+01
4.248841754166670626e+01 -2.022290410854231979e+01
5.277931424066318300e+01 -1.548389327171820362e+01
6.176840553510567133e+01 -1.060935388390060830e+01
6.498937761625793996e+01 -8.841183881458622551e+00
6.762323451452830625e+01 -6.144419749944033171e+00
7.019601990583031181e+01 -3.329741907157936165e+00
7.276746491249721771e+01 -5.147274861780840594e-01
7.554952357869845514e+01 2.754052895411215118e+00
7.834391770078994455e+01 6.053236343786374540e+00
8.113661043621655722e+01 9.352815271659981278e+00
8.404655572873917890e+01 1.298341387188640184e+01
8.695658261950045187e+01 1.662007590739603913e+01
