0.000000000000000000e+00 0.000000000000000000e+00
1.323337453430552084e-02 3.205099768581943370e-02
-3.362364953563642955e-02 -1.532433614904991047e-02
-8.210092407668923009e-02 4.507393673844652116e-03
-1.625821777163425907e-01 -4.126489206335617194e-02
-1.321996666004122689e-01 -6.850849184829824190e-02
-1.404377567628029705e-02 -7.962669633756824794e-02
-1.146463359776636187e-01 -1.765805954277781809e-01
-1.201842974621258470e-01 -2.960707232826821911e-01
5.725524145008933224e-02 -1.479353642346587783e-01
1.358478424653724870e-01 -2.751374590741336723e-01
1.300396337336067465e-01 -1.308078035001791206e-01
2.090360258654041792e-01 -1.454304374545141998e-01
3.454233846447020140e-01 -1.681647689310238336e-01
4.072665810996313751e-01 -7.090884842458251847e-02
3.085540783286498390e-01 -1.071480568712702107e-02
4.177959518221020518e-01 1.933497059024955403e-02
2.930225871361298862e-01 8.583860396856404784e-02
1.606915098917297557e-01 -3.485490129000413245e-02
2.523810074381715451e-01 -7.041056981928496550e-02
1.484039464366629646e-01 -8.343229273517484279e-02
-4.055127203432603022e-01 -1.083680077206227721e-01
-4.426405515711748229e-01 5.879882802361386523e-02
-5.140671361540917195e-01 1.877057256178681910e-01
-4.831385955119643083e-01 3.228198923738790915e-01
-2.448082356856971509e-01 3.910238319071017710e-01
-1.278750360285565713e-01 2.026229026913218545e-01
6.873167334502593151e-02 1.663647976838814879e-01
-6.049472209534866030e-02 1.084727333576916558e-01
-1.134280929741226934e-01 7.511992951143177388e-02
2.530481404417382896e-01 2.901631720227316746e-01
3.591829791248057346e-01 2.719357662190261538e-01
6.617832014653468597e-01 3.457609234683486354e-01
8.299837406998528122e-01 9.676564655548716143e-01
5.159592076974349739e-01 1.616637220373838835e-01
5.559357495390738757e-01 2.384549753181533158e-02
5.589115225114198449e-01 -7.541236709816821759e-02
5.477111262142753123e-01 -2.276549542708405094e-01
3.123438319561562815e-01 -3.268177964913288047e-01
3.693307924782492369e-01 -3.476499947727955675e-01
-2.619828907082704175e-02 -4.561258717406279084e-01
-3.936408887217016095e-01 -4.104490139491500655e-01
-4.981529665078622271e-01 -2.285570855145648284e-01
-8.760978415495752625e-01 7.133361958981913886e-02
-1.251279303852939728e+00 7.297016145043647706e-01
-2.571494229601456905e+00 4.284519687666297205e-01
-2.055831660546227457e+00 1.769924075175491662e+00
-8.034762527104704066e-01 -2.800286766726218235e-01
-3.940835697345481226e+00 2.614956483740480397e+00
-5.070270434419553496e+00 5.826860374083020488e-01
-2.881384248864610420e+00 -5.745007150434831011e-01
-1.186874285442719001e+00 -5.076712873043206509e-01
-8.245862734129599803e-01 -8.503355654380808648e-01
2.484754437207041880e-02 -9.910774778271694840e-01
1.240726801712100258e+00 -2.641818727612468276e-01
1.705442451455513320e+00 2.746101381510877570e-01
2.264266314247497469e+00 6.089983724228978934e-01
4.267238343735655359e-01 3.131883575480188142e+00
3.964331696680694073e+00 2.614956483740480397e+00
5.206644231675428891e+00 8.740790989027050761e-01
4.833000516605363117e+00 -1.474153377584880298e+00
-1.148203662020211638e-02 -1.911843745843272213e+00
-2.019695116059762263e+00 -2.074197024848409399e+00
-4.809504517270561941e+00 -1.474153377584880298e+00
1.127085408450230822e-02 -2.913610636284795150e-02
-3.275873896429690874e-02 1.322537945883019150e-02
-7.386413379354180020e-02 -3.459486655835837532e-02
-8.360046702098257454e-02 -7.046189711749782647e-02
-3.867444331564148102e-02 -1.219640219354830718e-01
-1.448955722159866837e-02 -1.474346026046879365e-01
1.001428218963104078e-01 -1.532436652876474903e-01
1.840540338776822382e-01 -1.280029393711472063e-01
2.333417980097126088e-01 -1.082910751581929870e-01
2.870841992838176759e-01 -3.524415227371505838e-02
2.656105257095014993e-01 9.775719432179974522e-02
1.299144455048382440e-01 2.038246736681435245e-01
6.755652815616500217e-02 2.367768261953304421e-01
-1.643331863510115454e-01 2.318697303041834246e-01
-3.528385370286502010e-01 1.945128933283865602e-01
-4.939483360003928403e-01 1.665715693076160187e-01
-6.664016848363470968e-01 -1.041940728959277057e-01
-6.847830272889455783e-01 -3.600606292308136669e-01
-3.482778938815798142e-01 -7.202430113735821537e-01
5.635411041252850195e-01 -8.277096262269582061e-01
3.282998575115268769e-02 -4.859359644703358135e-03
4.792580796235594576e-02 2.012668201216664607e-02
-2.594834265864017636e-02 4.449290057262039744e-02
-8.507525612449777508e-02 3.256852681772502006e-02
-1.288231408338428585e-01 -1.907685574614901083e-02
-1.094744324550741277e-01 -4.648897310934339139e-02
-1.259887822569926707e-01 -1.267011412238674417e-01
-6.770759587734850871e-02 -1.780832333106004139e-01
-2.715617725694823362e-02 -2.067289433935318166e-01
8.311518686502139541e-02 -2.220532398651060835e-01
2.469816690098370904e-01 -1.658625342360892374e-01
3.410982304775412866e-01 -3.733664859688110710e-02
3.640524059464405049e-01 1.685999226695081288e-02
2.859984907496955775e-01 1.788865576249748512e-01
1.798612574006425713e-01 3.003786603536064415e-01
1.005434605944263426e-01 3.913228293153558912e-01
-2.998992120581461807e-01 4.291853421414487113e-01
-6.336951367897347698e-01 3.631884981798679246e-01
-9.915568312593475708e-01 1.448873848907049691e-02
-8.476640144512515018e-01 -6.619346522294893287e-01
6.550211903972975869e-02 -3.149360014283434511e-02
8.972917878750714948e-02 -6.133034455789884883e-03
8.597911176246905707e-02 2.454644615069956001e-02
5.248769788018486926e-02 5.418626220149986433e-02
-2.467054267755589350e-02 7.622131605469588400e-02
-6.860422489917389344e-02 8.063733251917395983e-02
-1.617706476603267274e-01 4.102604731674026201e-02
-2.097088718562766241e-01 -1.593110273902255056e-02
-2.338809299112180606e-01 -5.339342817460025065e-02
-2.195689692648221114e-01 -1.359149224364137043e-01
-9.674104941044822659e-02 -2.341723565796340889e-01
9.709184818837124364e-02 -2.608148718899968577e-01
1.736582364321369587e-01 -2.603135910294630539e-01
3.733066467422789247e-01 -1.533482570366208331e-01
4.803194932306224518e-01 -4.275243198145867868e-02
5.724090131062326003e-01 4.133378994334872825e-02
4.971818926005414641e-01 3.355398932134184276e-01
3.093488430153410462e-01 5.505782400463425930e-01
-2.483116897639241483e-01 6.953079302236190307e-01
-1.071054967550093773e+00 3.847420753243581681e-01
2.220394155753877691e-02 -5.748227896055594505e-02
5.502448466766854396e-02 -5.732278620809516667e-02
9.831489499859079328e-02 -5.674743450818008766e-02
1.252852934418201558e-01 -2.895174479730669784e-02
1.297407749977761149e-01 3.230175189970874855e-02
1.303345837512807359e-01 6.342127356975636732e-02
4.221144553351519058e-02 1.180879232293712278e-01
-4.564094126919712030e-02 1.343138013912238693e-01
-1.011663720200034894e-01 1.398228083384289444e-01
-2.025496546083320748e-01 1.041669206707691864e-01
-2.905945560679411566e-01 -1.278802009006585645e-02
-2.648066464319576707e-01 -1.577490828323015459e-01
-2.405013423023652785e-01 -2.116351662214824292e-01
-4.893822705417060631e-02 -3.086911591838669144e-01
1.332020598197260763e-01 -3.606736093026987056e-01
2.694033048190846436e-01 -3.996343009041908312e-01
6.234686490597283193e-01 -2.556973641530954078e-01
8.411341195123304137e-01 -5.676277604449851688e-02
8.543334420148778197e-01 3.813248372019835686e-01
2.018613290920464320e-01 8.657782732932025604e-01
-1.322635713453689486e-02 -4.281903579728334186e-02
-4.441800313653204019e-02 -6.544451708263236689e-02
8.721370109946726193e-03 -9.768241580227059184e-02
4.117230094904476834e-02 -1.059886421141461449e-01
1.146628977248319303e-01 -9.454141439394250779e-02
1.725029023795908167e-01 -6.859714959939842982e-02
2.040371322228987094e-01 -1.942150475313678083e-03
1.976893592433156266e-01 6.503436373236363977e-02
1.875611703714122613e-01 1.058692462555564512e-01
1.105647115022962701e-01 1.663649642673450946e-01
-6.661111460355285951e-02 1.924063064311418436e-01
-2.445443751331492499e-01 1.294075870115313220e-01
-3.061203555775188212e-01 9.555462344923863760e-02
-3.713472800076076941e-01 -6.954692800374120965e-02
-3.817502618394717495e-01 -2.141368198905041487e-01
-3.895864265835525253e-01 -3.222086563889566824e-01
-9.566366345417361139e-02 -5.275392813209336396e-01
2.267352047567286755e-01 -6.195849095658598760e-01
7.925529764939289734e-01 -4.934697890927369213e-01
1.212056546307061611e+00 1.165221719835959346e-01
-1.163408459136550110e+00 -7.956250199136979395e-01
-1.079116099870771173e+00 -1.196386209325183803e+00
-8.385416237477157919e-01 -1.649465123301349090e+00
-3.894497823796301272e-01 -2.137326022071840637e+00
3.622453986475461241e-01 -2.619428846912883468e+00
1.419724998451710851e+00 -3.040421886550505270e+00
3.010632091836920043e+00 -3.222364061390974754e+00
4.789629876094750216e+00 -2.713278271089109683e+00
6.787321570478366262e+00 -2.741403345430275529e+00
9.216923557984374682e+00 -2.146701251445767955e+00
1.177488099234820318e+01 -5.729182113427712109e-01
1.402282370596053340e+01 1.554120596213321770e+00
1.609984573652140938e+01 4.544113843975895684e+00
1.718277392714506746e+01 8.166206108358064597e+00
1.731198375134439260e+01 1.275675594940467761e+01
1.446412571431518579e+01 1.785428979939756644e+01
1.121177301753775168e+01 2.378991498559443230e+01
5.059102572672152576e+00 2.858149373971817653e+01
5.022639970973180823e+00 3.186168621110963528e+01
3.740468090973592563e+00 3.572858137659022049e+01
-2.500092486074120490e+00 4.213771036659750990e+01
-1.005432267597124429e+01 4.622993212650090555e+01
-1.665177567493275035e+01 4.652072234133471085e+01
-2.307972467239859782e+01 4.680616828103747906e+01
-2.933602767272803291e+01 4.756942833504001555e+01
-3.538946350614710923e+01 4.837219092791453789e+01
-4.183897886119555665e+01 4.897102728034364105e+01
-4.898736187706663259e+01 4.873143412172653655e+01
-5.632418330213323543e+01 4.848821538934571151e+01
-6.391046918741702854e+01 4.838603143467895507e+01
1.499882119851614126e+00 -3.938645579830736265e-01
1.919710096527758703e+00 -1.437797106771809552e-01
2.325040099685827588e+00 2.325114814403901331e-01
2.672313423725078518e+00 7.543836298483674874e-01
2.862647007458352988e+00 1.468318482756410415e+00
2.834608828534981750e+00 2.346259537139410600e+00
2.493184821113018756e+00 3.376670251226375985e+00
1.630749627711169936e+00 4.539356125060121094e+00
2.044064956263829946e-01 5.740190927339181570e+00
-1.900373348997856260e+00 6.880547009685174409e+00
-4.939786441175722409e+00 7.754832106471076791e+00
-8.244317122478074467e+00 8.161313769385479588e+00
-1.221036841584438548e+01 8.064236823563987855e+00
-1.679897913896471806e+01 7.270707952179784606e+00
-2.187362160529746902e+01 5.566444206476320211e+00
-2.725745691873740384e+01 2.615601398493510032e+00
-3.257190455521338635e+01 -1.803851660518813071e+00
-3.735836341121748916e+01 -7.857307738332456992e+00
-4.014517529390934669e+01 -1.314942394504688217e+01
-4.221500878712350868e+01 -1.934716557397455361e+01
-4.294752105666884034e+01 -2.670817711549079476e+01
-4.216487831570055533e+01 -3.500777349125510796e+01
-4.180387577611074335e+01 -3.765002370870879389e+01
-4.025491146592144531e+01 -4.014892359956949974e+01
-3.792018853056111283e+01 -4.255287977764913876e+01
-3.558441135486030760e+01 -4.495655701307849483e+01
-3.324757968895135463e+01 -4.735995390780833247e+01
-3.193821100584905892e+01 -5.178637596736820115e+01
-3.124602992799522383e+01 -5.742843671845658804e+01
-3.055311101013527875e+01 -6.307047637438564180e+01
-3.544280228330976001e-01 1.107171125295367098e+00
-8.670409576787128092e-01 1.239485896301487866e+00
-1.512814662963951173e+00 1.295025473678554917e+00
-2.295038122585258300e+00 1.234398547415795910e+00
-3.212955981120730442e+00 9.750595036674255534e-01
-4.202727775902753038e+00 4.910689204820026799e-01
-5.205055658345690617e+00 -2.809300638339992662e-01
-6.076835177716350067e+00 -1.443216123152811114e+00
-6.690411557259789532e+00 -2.981854121221763521e+00
-6.865887493073001835e+00 -4.919865977943585378e+00
-6.244564742162522109e+00 -7.299867143660719648e+00
-4.656463219198426096e+00 -9.369223624305035969e+00
-2.368206540662510129e+00 -1.189399051808161012e+01
6.957363743710883730e-01 -1.464890957949721617e+01
5.237692223480173048e+00 -1.714095337057419499e+01
1.155369334816343319e+01 -1.858272849178736763e+01
1.945627838504174179e+01 -1.955770531586242811e+01
2.885302142838608574e+01 -1.952898886861905581e+01
3.556213450349405747e+01 -1.945152170355729737e+01
4.228472051454208724e+01 -2.038225647327971046e+01
5.253936823514403187e+01 -1.561138751146209280e+01
6.175191625230365133e+01 -1.063284903850147067e+01
6.540505083065320946e+01 -8.612595790675465324e+00
6.879978138347659922e+01 -6.141742411922960443e+00
7.169236706730762876e+01 -2.076322095491864861e+00
7.458277806349579464e+01 1.989524405766183390e+00
7.792730136365459259e+01 6.101268217581969466e+00
8.176359204579016193e+01 9.997615337507919975e+00
8.559712970096599349e+01 1.389470932082868693e+01
8.892612191157783741e+01 1.855591929521075656e+01
